coverage	n
1	6777
2	553
3	49
4	170
5	112
6	86
7	53
8	212
9	206
10	236
11	171
12	95
13	132
14	90
15	271
16	189
17	243
18	151
19	147
20	210
21	267
22	372
23	175
24	102
25	163
26	128
27	140
28	225
29	172
30	371
31	132
32	251
33	159
34	153
35	165
36	239
37	306
38	160
39	145
40	159
41	170
42	146
43	208
44	212
45	160
46	153
47	166
48	161
49	128
50	235
51	174
52	218
53	186
54	145
55	188
56	202
57	151
58	186
59	301
60	304
61	222
62	191
63	266
64	163
65	225
66	215
67	233
68	288
69	196
70	270
71	146
72	210
73	201
74	233
75	198
76	227
77	267
78	205
79	263
80	242
81	217
82	223
83	220
84	294
85	236
86	257
87	275
88	301
89	261
90	278
91	348
92	362
93	349
94	396
95	460
96	509
97	555
98	604
99	655
100	716
101	884
102	1020
103	1192
104	1470
105	1632
106	1909
107	2298
108	2520
109	3137
110	3564
111	4127
112	4797
113	5515
114	6310
115	7159
116	8086
117	9218
118	10161
119	11466
120	12792
121	13862
122	15434
123	16809
124	18266
125	19998
126	21839
127	23336
128	25051
129	27489
130	29060
131	31012
132	32288
133	33703
134	35564
135	36388
136	37764
137	39215
138	40309
139	41272
140	42018
141	43069
142	43708
143	44590
144	45086
145	45950
146	46022
147	46069
148	46103
149	45822
150	46127
151	46048
152	46301
153	45043
154	45262
155	45439
156	44782
157	44365
158	43620
159	43065
160	43139
161	42766
162	42501
163	41263
164	40992
165	40633
166	39604
167	38657
168	37867
169	36995
170	35635
171	34803
172	33661
173	32492
174	31491
175	30210
176	29149
177	28044
178	26920
179	25337
180	24321
181	22845
182	21763
183	20881
184	19295
185	18121
186	17150
187	15933
188	14787
189	13475
190	12503
191	11434
192	10741
193	9752
194	8891
195	7918
196	7067
197	6569
198	6063
199	5328
200	4757
201	4376
202	3858
203	3363
204	2965
205	2661
206	2232
207	1955
208	1820
209	1480
210	1279
211	1165
212	909
213	797
214	681
215	572
216	510
217	452
218	388
219	320
220	269
221	295
222	218
223	198
224	147
225	158
226	118
227	94
228	87
229	88
230	79
231	91
232	84
233	68
234	62
235	55
236	51
237	51
238	45
239	39
240	30
241	40
242	37
243	41
244	36
245	38
246	29
247	26
248	19
249	23
250	20
251	20
252	23
253	21
254	30
255	16
256	29
257	23
258	26
259	17
260	15
261	20
262	20
263	18
264	12
265	12
266	8
267	15
268	11
269	13
270	16
271	15
272	16
273	34
274	18
275	27
276	20
277	20
278	26
279	19
280	25
281	18
282	14
283	13
284	14
285	19
286	24
287	21
288	15
289	23
290	32
291	41
292	38
293	57
294	35
295	37
296	29
297	21
298	22
299	23
300	24
301	27
302	25
303	17
304	21
305	16
306	14
307	21
308	29
309	29
310	19
311	29
312	33
313	46
314	50
315	44
316	33
317	34
318	35
319	42
320	27
321	39
322	48
323	43
324	42
325	29
326	41
327	37
328	28
329	48
330	31
331	43
332	56
333	36
334	49
335	37
336	37
337	42
338	30
339	25
340	31
341	35
342	24
343	30
344	24
345	28
346	27
347	32
348	23
349	29
350	32
351	30
352	20
353	26
354	29
355	22
356	21
357	12
358	15
359	10
360	19
361	11
362	5
363	6
364	6
365	9
366	5
367	9
368	6
369	3
370	3
371	4
372	4
373	2
374	1
375	1
376	2
377	0
378	2
379	0
380	1
381	0
382	1
383	2
384	5
385	2
386	0
387	1
388	0
389	0
390	2
391	3
392	0
393	1
394	1
395	3
396	1
397	1
398	4
399	3
400	4
401	2
402	1
403	4
404	3
405	0
406	3
407	4
408	3
409	2
410	1
411	4
412	1
413	2
414	4
415	1
416	1
417	2
418	3
419	3
420	3
421	4
422	2
423	2
424	5
425	3
426	3
427	3
428	0
429	1
430	3
431	2
432	1
433	1
434	2
435	4
436	3
437	1
438	3
439	3
440	2
441	5
442	1
443	5
444	8
445	7
446	2
447	2
448	4
449	1
450	2
451	2
452	1
453	4
454	2
455	2
456	4
457	0
458	3
459	3
460	5
461	1
462	1
463	1
464	1
465	2
466	1
467	0
468	0
469	0
470	0
471	1
472	0
473	0
474	0
475	0
476	0
477	1
478	0
479	1
480	0
481	0
482	1
483	1
484	0
485	0
486	0
487	0
488	0
489	1
490	0
491	1
492	0
493	0
494	0
495	2
496	0
497	0
498	3
499	8
500	6
501	6
502	5
503	6
504	2
505	0
506	3
507	2
508	1
509	1
510	0
511	0
512	0
513	0
514	0
515	0
516	0
517	0
518	0
519	0
520	0
521	0
522	0
523	0
524	0
525	0
526	0
527	0
528	0
529	0
530	0
531	0
532	0
533	0
534	0
535	0
536	0
537	0
538	0
539	0
540	0
541	0
542	0
543	0
544	0
545	0
546	0
547	0
548	0
549	0
550	0
551	0
552	0
553	0
554	0
555	0
556	0
557	0
558	0
559	0
560	0
561	0
562	0
563	0
564	0
565	0
566	0
567	0
568	0
569	0
570	0
571	0
572	0
573	0
574	0
575	0
576	0
577	0
578	0
579	0
580	0
581	1
582	0
583	0
584	1
585	0
586	1
587	0
588	0
589	1
590	2
591	0
592	1
593	1
594	0
595	1
596	0
597	0
598	3
599	3
600	0
601	1
602	2
603	1
604	1
605	2
606	2
607	2
608	1
609	2
610	2
611	1
612	0
613	2
614	0
615	0
616	1
617	3
618	0
619	0
620	1
621	0
622	0
623	1
624	0
625	0
626	0
627	1
628	0
629	1
630	1
631	1
632	2
633	0
634	1
635	2
636	2
637	0
638	1
639	0
640	1
641	1
642	1
643	2
644	2
645	2
646	4
647	2
648	1
649	1
650	0
651	0
652	2
653	1
654	0
655	3
656	1
657	3
658	3
659	1
660	2
661	1
662	2
663	5
664	5
665	8
666	3
667	3
668	5
669	3
670	1
671	4
672	3
673	0
674	2
675	6
676	4
677	5
678	1
679	4
680	3
681	3
682	8
683	9
684	6
685	6
686	6
687	5
688	3
689	6
690	2
691	6
692	3
693	3
694	1
695	2
696	2
697	1
698	1
699	1
700	0
701	2
702	2
703	1
704	1
705	0
706	0
707	3
708	0
709	0
710	4
711	0
712	1
713	0
714	1
715	4
716	1
717	3
718	1
719	0
720	1
721	0
722	0
723	1
724	0
725	0
726	1
727	0
728	0
729	1
730	0
731	0
732	2
733	0
734	1
735	0
736	0
737	0
738	1
739	0
740	0
741	0
742	0
743	0
744	0
745	0
746	0
747	1
748	1
749	0
750	1
751	1
752	2
753	0
754	3
755	1
756	3
757	3
758	1
759	3
760	1
761	0
762	0
763	0
764	0
765	1
766	0
767	1
768	0
769	1
770	0
771	0
772	0
773	1
774	0
775	0
776	0
777	2
778	1
779	2
780	0
781	1
782	1
783	1
784	2
785	0
786	2
787	1
788	2
789	2
790	2
791	2
792	2
793	1
794	2
795	4
796	0
797	1
798	3
799	3
800	1
801	1
802	2
803	2
804	2
805	0
806	0
807	7
808	3
809	1
810	2
811	0
812	2
813	3
814	3
815	3
816	2
817	3
818	2
819	1
820	0
821	0
822	1
823	5
824	0
825	2
826	0
827	0
828	2
829	1
830	3
831	2
832	5
833	0
834	0
835	1
836	0
837	3
838	2
839	3
840	3
841	4
842	1
843	1
844	0
845	2
846	4
847	2
848	1
849	4
850	4
851	5
852	5
853	3
854	2
855	6
856	0
857	4
858	0
859	4
860	4
861	3
862	2
863	2
864	2
865	1
866	2
867	0
868	0
869	1
870	0
871	0
872	0
873	0
874	0
875	0
876	0
877	0
878	0
879	0
880	0
881	0
882	0
883	0
884	0
885	0
886	0
887	0
888	0
889	0
890	0
891	0
892	0
893	0
894	0
895	0
896	0
897	0
898	0
899	0
900	0
901	0
902	0
903	0
904	0
905	0
906	0
907	0
908	0
909	0
910	0
911	0
912	0
913	0
914	0
915	0
916	0
917	0
918	0
919	0
920	0
921	0
922	0
923	0
924	0
925	0
926	0
927	0
928	0
929	0
930	0
931	0
932	0
933	0
934	0
935	0
936	0
937	0
938	0
939	0
940	0
941	0
942	0
943	0
944	0
945	0
946	0
947	0
948	0
949	0
950	0
951	0
952	0
953	0
954	0
955	0
956	0
957	0
958	0
959	0
960	0
961	0
962	0
963	0
964	0
965	0
966	0
967	0
968	0
969	0
970	0
971	0
972	0
973	0
974	0
975	0
976	0
977	0
978	0
979	0
980	0
981	0
982	0
983	0
984	0
985	0
986	0
987	0
988	0
989	0
990	0
991	0
992	0
993	0
994	0
995	0
996	0
997	0
998	0
999	0
1000	0
1001	0
1002	0
1003	0
1004	0
1005	0
1006	0
1007	0
1008	0
1009	0
1010	0
1011	0
1012	0
1013	0
1014	0
1015	0
1016	0
1017	0
1018	0
1019	0
1020	0
1021	0
1022	0
1023	0
1024	0
1025	0
1026	0
1027	0
1028	0
1029	0
1030	0
1031	0
1032	0
1033	0
1034	0
1035	0
1036	0
1037	0
1038	0
1039	0
1040	0
1041	0
1042	0
1043	0
1044	0
1045	0
1046	0
1047	0
1048	0
1049	0
1050	0
1051	0
1052	0
1053	0
1054	0
1055	0
1056	0
1057	0
1058	0
1059	0
1060	0
1061	0
1062	0
1063	0
1064	0
1065	0
1066	0
1067	0
1068	0
1069	0
1070	0
1071	0
1072	0
1073	0
1074	0
1075	0
1076	0
1077	0
1078	0
1079	0
1080	0
1081	0
1082	0
1083	0
1084	0
1085	0
1086	1
1087	0
1088	0
1089	0
1090	0
1091	0
1092	0
1093	0
1094	0
1095	0
1096	0
1097	0
1098	0
1099	0
1100	0
1101	0
1102	0
1103	0
1104	0
1105	0
1106	0
1107	0
1108	0
1109	0
1110	0
1111	0
1112	0
1113	0
1114	0
1115	0
1116	0
1117	0
1118	0
1119	0
1120	0
1121	0
1122	0
1123	0
1124	0
1125	0
1126	0
1127	0
1128	0
1129	0
1130	0
1131	0
1132	0
1133	0
1134	0
1135	0
1136	0
1137	0
1138	0
1139	0
1140	0
1141	0
1142	0
1143	0
1144	0
1145	0
1146	0
1147	0
1148	0
1149	0
1150	0
1151	0
1152	0
1153	0
1154	0
1155	0
1156	0
1157	0
1158	0
1159	0
1160	0
1161	0
1162	0
1163	0
1164	0
1165	0
1166	0
1167	0
1168	0
1169	0
1170	0
1171	0
1172	0
1173	0
1174	0
1175	0
1176	0
1177	0
1178	0
1179	0
1180	0
1181	0
1182	0
1183	0
1184	0
1185	0
1186	0
1187	0
1188	0
1189	0
1190	0
1191	0
1192	0
1193	0
1194	0
1195	0
1196	0
1197	0
1198	0
1199	0
1200	0
1201	0
1202	0
1203	0
1204	0
1205	0
1206	0
1207	0
1208	0
1209	0
1210	0
1211	0
1212	0
1213	0
1214	0
1215	0
1216	0
1217	0
1218	0
1219	0
1220	0
1221	0
1222	0
1223	0
1224	0
1225	0
1226	0
1227	0
1228	0
1229	0
1230	0
1231	0
1232	0
1233	0
1234	0
1235	0
1236	0
1237	0
1238	0
1239	0
1240	0
1241	0
1242	0
1243	0
1244	0
1245	0
1246	0
1247	0
1248	0
1249	3
1250	0
1251	1
1252	1
