quality	AA	AC	AG	AT	A.	CA	CC	CG	CT	C.	GA	GC	GG	GT	G.	TA	TC	TG	TT	T.	.A	.C	.G	.T	..
0	0.470588	0.176471	0.0588235	0.294118	NA	0.214286	0.571429	NA	0.214286	NA	0.0909091	0.272727	0.363636	0.272727	NA	0.1875	0.1875	0.0625	0.5625	NA	NA	NA	NA	NA	1
1	0.347784	0.154143	0.169075	0.328516	0.000481696	0.22179	0.315175	0.140078	0.322957	NA	0.360333	0.147615	0.17184	0.320212	NA	0.298013	0.149007	0.168874	0.384106	NA	NA	NA	NA	NA	1
2	0.386136	0.14866	0.158137	0.306797	0.000270783	0.223926	0.368098	0.110429	0.297546	NA	0.317521	0.163188	0.191335	0.327957	NA	0.189855	0.12029	0.102899	0.586957	NA	NA	0.000122026	NA	NA	0.999878
3	0.537815	0.133613	0.0991597	0.227731	0.00168067	0.170648	0.633106	0.0631399	0.133106	NA	0.284715	0.133866	0.303696	0.277722	NA	0.123217	0.133593	0.0596628	0.682231	0.00129702	NA	NA	NA	NA	1
4	0.606799	0.120638	0.0857401	0.186823	NA	0.153086	0.675926	0.037037	0.132716	0.00123457	0.243585	0.144112	0.326538	0.285413	0.000351494	0.110202	0.093359	0.0543792	0.741578	0.000481232	0.00010142	NA	NA	NA	0.999899
5	0.691607	0.0975927	0.0546519	0.155498	0.000650618	0.104381	0.773196	0.0296392	0.0927835	NA	0.227709	0.113855	0.406722	0.251715	NA	0.083612	0.0585284	0.0434783	0.814381	NA	0.000202799	NA	0.000608396	NA	0.999189
6	0.734454	0.0975	0.0496839	0.117845	0.000517241	0.107651	0.777007	0.0277174	0.0873328	0.000292642	0.0854408	0.0430804	0.703647	0.167323	0.000508324	0.0710278	0.051032	0.0462196	0.831257	0.000463225	0.000132147	0.000123888	6.60737e-05	0.000156925	0.999521
7	0.732613	0.0877255	0.0430907	0.13629	0.000280721	0.0884721	0.814906	0.0202278	0.0762962	9.81932e-05	0.0743666	0.0346702	0.733614	0.157247	0.000102575	0.0515938	0.0357725	0.0317008	0.880933	NA	0.000136319	7.78968e-05	3.89484e-05	0.000116845	0.99963
8	0.828451	0.0515585	0.0323412	0.087415	0.000234357	0.0555556	0.878205	0.0131766	0.0527066	0.000356125	0.0621994	0.016672	0.813722	0.107406	NA	0.033607	0.0231048	0.0252053	0.918083	NA	NA	NA	NA	NA	1
9	0.871152	0.0429285	0.025039	0.0604746	0.000405869	0.049967	0.891797	0.0141024	0.0437782	0.000355096	0.043584	0.016355	0.869071	0.0705919	0.000397825	0.0335251	0.0206148	0.0208751	0.924777	0.00020823	0.000150867	3.54981e-05	3.54981e-05	0.000124243	0.999654
10	0.86396	0.0469949	0.0267443	0.0621035	0.000197215	0.0562656	0.884095	0.0142259	0.0452369	0.000176767	0.0388805	0.0144153	0.878866	0.0676509	0.000187473	0.03509	0.0214813	0.0211366	0.922092	0.000200422	0.000105904	5.15942e-05	6.65294e-05	0.000123555	0.999652
11	0.886989	0.0374509	0.0208922	0.0545512	0.000116835	0.0392401	0.912938	0.00937934	0.0383628	7.97563e-05	0.0357662	0.0119369	0.896873	0.0553345	8.90816e-05	0.0254509	0.015645	0.0138793	0.944861	0.000164252	0.000104908	6.70247e-05	2.62271e-05	0.000104908	0.999697
12	0.905847	0.0298263	0.0174074	0.046815	0.000104654	0.030669	0.928474	0.00756223	0.0331898	0.000105031	0.0299502	0.00768079	0.923385	0.0389353	4.83068e-05	0.0203518	0.0127578	0.0110734	0.955762	5.52288e-05	9.56508e-05	3.82603e-05	5.73905e-05	9.56508e-05	0.999713
13	0.928381	0.0230554	0.0125438	0.0360196	NA	0.0229847	0.944592	0.00644015	0.0258716	0.000111037	0.0266496	0.00865375	0.932245	0.0324516	NA	0.0138575	0.0119344	0.00763575	0.966516	5.65611e-05	1.95837e-05	1.95837e-05	1.95837e-05	3.91673e-05	0.999902
14	0.961515	0.0127704	0.00703675	0.0186778	NA	0.0148418	0.959115	0.00490059	0.0210025	0.000140017	0.0210207	0.00700689	0.948966	0.0228892	0.000116782	0.00923588	0.0054838	0.00519518	0.980085	NA	NA	NA	NA	NA	1
15	0.973344	0.00981194	0.0055601	0.0109567	0.000327065	0.00738234	0.978468	0.00307598	0.0110735	NA	0.0239923	0.00935701	0.93858	0.028071	NA	0.00640501	0.00735895	0.00395203	0.982284	NA	4.79616e-05	NA	NA	9.59233e-05	0.999856
16	0.995747	0.00111301	0.00131176	0.00182852	NA	0.00271414	0.994412	0.000878103	0.00199569	NA	0.00888519	0.0022213	0.981258	0.00763571	NA	0.00137298	0.00150693	0.000803697	0.996316	NA	NA	NA	NA	3.66762e-05	0.999963
17	0.983109	0.00596167	0.00468417	0.00624556	NA	0.00433526	0.982948	0.000289017	0.0115607	0.000867052	0.0296082	0.00690116	0.937222	0.0260463	0.000222618	0.00333868	0.00560897	0.00213675	0.988782	0.000133547	NA	NA	NA	4.45058e-05	0.999955
18	0.983942	0.00626878	0.00433663	0.00545298	NA	0.00815002	0.979506	0.00134515	0.0109986	NA	0.0110157	0.00261389	0.975853	0.0104556	6.22355e-05	0.00491437	0.00543559	0.00245719	0.987118	7.44602e-05	8.90857e-05	3.81796e-05	NA	3.81796e-05	0.999835
19	0.979805	0.00754443	0.00554889	0.00702787	7.34053e-05	0.00966423	0.976378	0.00217348	0.0117261	5.82182e-05	0.0105691	0.00219603	0.977903	0.00924994	8.22043e-05	0.00544558	0.00601065	0.00283899	0.985632	7.29115e-05	5.75709e-05	2.05047e-05	2.12933e-05	7.25551e-05	0.999828
20	0.982236	0.00605784	0.00500362	0.00662429	7.86733e-05	0.00670247	0.980469	0.00179923	0.0109327	9.6142e-05	0.0107504	0.00233058	0.978237	0.00854545	0.000137093	0.00427097	0.00537336	0.00238303	0.987926	4.62083e-05	7.47703e-05	1.20597e-05	2.89434e-05	5.06509e-05	0.999834
21	0.983997	0.00530593	0.00487286	0.00571853	0.000105709	0.00567826	0.981401	0.0015763	0.0112849	5.97083e-05	0.00986894	0.00154885	0.98062	0.0079031	5.95711e-05	0.00419796	0.00564649	0.00223687	0.987841	7.79979e-05	7.44443e-05	2.25292e-05	2.35087e-05	6.36695e-05	0.999816
22	0.987849	0.00351286	0.00423271	0.00436229	4.31909e-05	0.00418133	0.985212	0.00119831	0.0093315	7.64877e-05	0.0102032	0.00188299	0.981564	0.00632773	2.18953e-05	0.00313112	0.00473225	0.00143509	0.990642	5.93014e-05	5.02894e-05	1.25723e-05	2.51447e-05	5.02894e-05	0.999862
23	0.989887	0.00277647	0.00381889	0.00344825	6.94945e-05	0.00336752	0.987431	0.00099821	0.00816926	3.4421e-05	0.00852478	0.00112442	0.985888	0.00442338	3.96271e-05	0.00270466	0.00439508	0.00127262	0.99157	5.77215e-05	5.18887e-05	1.62152e-05	1.51342e-05	4.43216e-05	0.999872
24	0.998191	0.000465432	0.000724493	0.000609233	9.87945e-06	0.000689331	0.996891	0.000245845	0.00216922	4.8205e-06	0.00218105	0.00028197	0.99659	0.000927849	1.928e-05	0.00078686	0.0013944	0.00034628	0.997465	7.72947e-06	6.06188e-05	1.42632e-05	2.13949e-05	4.99214e-05	0.999854
25	0.992618	0.00167357	0.00328987	0.00236082	5.72705e-05	0.0022568	0.989068	0.000771167	0.00789313	1.13407e-05	0.00700139	0.000789029	0.989463	0.00274662	NA	0.00213804	0.0036668	0.000897313	0.993276	2.21559e-05	3.80488e-05	1.90244e-06	1.33171e-05	3.99512e-05	0.999907
26	0.993629	0.00116328	0.00325988	0.00190724	4.05795e-05	0.0017207	0.990823	0.000773067	0.00668329	NA	0.00607082	0.000691339	0.991056	0.00218204	NA	0.00187818	0.0032776	0.000859296	0.993936	4.91026e-05	1.24408e-05	NA	4.14692e-06	2.07346e-05	0.999963
27	0.992153	0.00183779	0.00369653	0.002285	2.79511e-05	0.00262677	0.988538	0.000884956	0.00793651	1.40469e-05	0.00751914	0.000761	0.988642	0.003044	3.40746e-05	0.00200613	0.00416998	0.000946289	0.992852	2.52344e-05	3.03837e-05	1.73621e-05	2.17027e-06	3.90648e-05	0.999911
28	0.993278	0.00146255	0.00317797	0.0020503	3.07545e-05	0.00216774	0.990191	0.000765484	0.00682162	5.41936e-05	0.00667211	0.000790048	0.990108	0.00240261	2.70564e-05	0.00181802	0.0040377	0.000905991	0.993199	3.92596e-05	2.82514e-05	5.23175e-06	6.27809e-06	3.55759e-05	0.999925
29	0.993049	0.00150976	0.00336927	0.00200816	6.41211e-05	0.00196904	0.989754	0.000864319	0.00740109	1.14479e-05	0.00687479	0.000810992	0.990114	0.00216265	3.7287e-05	0.00197796	0.00413831	0.000999258	0.992838	4.62381e-05	3.39073e-05	8.03069e-06	1.51691e-05	4.01534e-05	0.999903
30	0.993888	0.00115645	0.00309001	0.00180448	6.05883e-05	0.00168933	0.990908	0.000598086	0.00675732	4.72173e-05	0.00678334	0.000690494	0.990707	0.00177618	4.34273e-05	0.00184528	0.00373031	0.000900421	0.993444	7.95177e-05	3.34023e-05	7.3322e-06	1.38497e-05	4.07345e-05	0.999905
31	0.993538	0.00108257	0.00346016	0.00185099	6.7802e-05	0.00189006	0.989947	0.000692573	0.00745745	1.34046e-05	0.00715932	0.000581813	0.990302	0.00192678	3.0224e-05	0.00201356	0.00418521	0.000867472	0.992874	5.92806e-05	3.13274e-05	9.05013e-06	1.32271e-05	3.34159e-05	0.999913
32	0.993789	0.00102128	0.00329445	0.00183102	6.41551e-05	0.00165163	0.990729	0.000527803	0.00708405	7.18099e-06	0.00686128	0.000737805	0.99065	0.00172652	2.38965e-05	0.00180468	0.00384509	0.000841015	0.993477	3.18566e-05	2.58614e-05	1.15551e-05	9.35413e-06	3.13638e-05	0.999922
33	0.996285	0.000632874	0.00198146	0.00106473	3.5896e-05	0.00110106	0.993809	0.000477473	0.00459861	1.43503e-05	0.00480741	0.000453383	0.993526	0.00118696	2.64749e-05	0.00121831	0.00249142	0.000569191	0.995683	3.76796e-05	2.16472e-05	5.93862e-06	4.78921e-06	2.29882e-05	0.999945
34	0.994866	0.000848864	0.00276651	0.00147823	4.01005e-05	0.00137696	0.992138	0.000557103	0.00591323	1.44467e-05	0.00584872	0.000577187	0.992219	0.00133423	2.04386e-05	0.00149916	0.00309389	0.000713788	0.994655	3.82314e-05	1.77794e-05	4.75985e-06	6.15981e-06	2.25393e-05	0.999949
35	0.994078	0.000955205	0.00322848	0.00168457	5.3819e-05	0.00153949	0.99108	0.000664093	0.00670561	1.07807e-05	0.00669016	0.00061692	0.991166	0.00150672	2.02376e-05	0.00171698	0.00343029	0.000825221	0.993978	4.94865e-05	2.23807e-05	6.1547e-06	5.81899e-06	2.45069e-05	0.999941
36	0.994047	0.000933629	0.00324627	0.00172045	5.27754e-05	0.00157691	0.990975	0.00064928	0.00677937	1.9589e-05	0.00665767	0.000606519	0.991155	0.00155574	2.50973e-05	0.00172241	0.00330163	0.000835901	0.994089	5.07682e-05	2.33823e-05	5.74479e-06	5.74479e-06	2.35839e-05	0.999942
37	0.99403	0.000926249	0.00323768	0.00173961	6.65688e-05	0.00158596	0.990993	0.000638189	0.00675794	2.52863e-05	0.00677595	0.000646431	0.990945	0.00160344	2.87771e-05	0.0017539	0.00317417	0.000852069	0.994152	6.74975e-05	3.05818e-05	7.70731e-06	6.83191e-06	2.85075e-05	0.999926
38	0.993954	0.000929017	0.00330787	0.00173668	7.25957e-05	0.00164708	0.990896	0.000634622	0.00679333	2.91758e-05	0.0068284	0.000655011	0.990845	0.00164216	2.94896e-05	0.00173345	0.00316464	0.000853216	0.994171	7.72246e-05	3.09013e-05	7.08189e-06	7.14584e-06	2.86793e-05	0.999926
39	0.994086	0.000901599	0.00324098	0.0016959	7.55545e-05	0.0016362	0.991067	0.000641348	0.00662474	3.074e-05	0.00670179	0.000645076	0.991018	0.00160545	2.98702e-05	0.00169992	0.00303777	0.000847641	0.994326	8.8472e-05	3.17189e-05	7.59006e-06	6.09079e-06	2.84861e-05	0.999926
40	0.994171	0.00088232	0.0032185	0.00165209	7.64214e-05	0.00152131	0.991196	0.00064989	0.00658531	4.77996e-05	0.00693695	0.000676335	0.990695	0.00164468	4.71628e-05	0.00169067	0.00306678	0.000848438	0.994295	9.87999e-05	3.18503e-05	7.6933e-06	6.15464e-06	2.95423e-05	0.999925
41	0.993823	0.000862308	0.00353285	0.00172462	5.74872e-05	0.00183411	0.990469	0.000681527	0.00695558	6.01347e-05	0.00723991	0.000846372	0.990393	0.00147543	4.57498e-05	0.00176881	0.0029675	0.000818622	0.994348	9.7455e-05	2.22731e-05	3.42663e-06	6.85326e-06	3.2553e-05	0.999935
42	0.996133	0.000523214	0.00218334	0.0011015	5.90091e-05	0.00125636	0.993206	0.00052073	0.00498413	3.30622e-05	0.00474726	0.00048594	0.993571	0.00115878	3.738e-05	0.0011939	0.00187968	0.000525884	0.996333	6.75121e-05	1.57257e-05	5.24189e-06	3.93142e-06	3.27618e-05	0.999942
