quality	AA	AC	AG	AT	A.	CA	CC	CG	CT	C.	GA	GC	GG	GT	G.	TA	TC	TG	TT	T.	.A	.C	.G	.T	..
0	0.464286	0.214286	NA	0.321429	NA	0.428571	0.285714	0.0714286	0.214286	NA	0.290323	NA	0.290323	0.419355	NA	0.2	0.04	0.12	0.64	NA	NA	NA	NA	NA	1
1	0.348614	0.159915	0.167377	0.324094	NA	0.262687	0.304478	0.164179	0.268657	NA	0.357088	0.155556	0.157088	0.330268	NA	0.275482	0.134986	0.107438	0.482094	NA	NA	NA	NA	NA	1
2	0.380421	0.262214	0.121134	0.236231	NA	0.190789	0.232456	0.182895	0.393421	0.000438596	0.291148	0.158479	0.254924	0.29477	0.000679194	0.136454	0.0936255	0.0567729	0.712649	0.000498008	7.06065e-05	NA	NA	NA	0.999929
3	0.574358	0.184791	0.0846094	0.155463	0.000778614	0.202241	0.369188	0.123249	0.304762	0.000560224	0.261692	0.127579	0.368982	0.241747	NA	0.0813131	0.0747475	0.0489899	0.794949	NA	NA	9.51384e-05	NA	0.000190277	0.999715
4	0.600304	0.138804	0.0896657	0.169706	0.00151976	0.160909	0.67	0.06	0.107273	0.00181818	0.217337	0.1387	0.405573	0.237771	0.000619195	0.106984	0.116642	0.0839525	0.691679	0.000742942	0.000331895	0.000331895	0.000331895	NA	0.999004
5	0.673455	0.106039	0.0765449	0.143961	NA	0.151049	0.709091	0.048951	0.0895105	0.0013986	0.225476	0.114202	0.415081	0.245242	NA	0.0680934	0.0603113	0.0398833	0.830739	0.000972763	NA	NA	0.000220848	NA	0.999779
6	0.777009	0.0989318	0.0467346	0.0769604	0.000364166	0.115426	0.773053	0.0305923	0.0807117	0.000216967	0.111069	0.0551581	0.673569	0.15945	0.000753012	0.0601327	0.0449267	0.0440973	0.850705	0.000138236	0.000236696	3.94493e-05	NA	7.88986e-05	0.999645
7	0.751277	0.097117	0.0509473	0.0996705	0.000988468	0.110518	0.791243	0.0261722	0.0714463	0.000620194	0.0925437	0.0432034	0.701197	0.162442	0.000613685	0.061517	0.0486232	0.0469921	0.842169	0.000699056	0.000267172	0.000133586	0.000157874	0.000170018	0.999271
8	0.790923	0.0719524	0.0322402	0.104746	0.00013837	0.0913418	0.810743	0.019039	0.0784225	0.000453309	0.0850829	0.0331492	0.69547	0.186077	0.000220994	0.0346076	0.0259823	0.0220424	0.916942	0.00042594	0.000240423	8.0141e-05	0.000200353	0.000160282	0.999319
9	0.892424	0.0293939	0.0245455	0.0533333	0.00030303	0.0732323	0.863005	0.0151515	0.0486111	NA	0.135648	0.0641906	0.646346	0.153411	0.000403714	0.0225843	0.014008	0.011721	0.951687	NA	9.21319e-05	NA	9.21319e-05	NA	0.999816
10	0.95035	0.0202687	0.00746327	0.0217613	0.000157122	0.0179379	0.950847	0.00550847	0.025565	0.000141243	0.0303882	0.0104699	0.91356	0.0455822	NA	0.0066541	0.0058297	0.0045931	0.982923	NA	0.000112193	2.24386e-05	4.48773e-05	4.48773e-05	0.999776
11	0.885868	0.0434525	0.021652	0.0486138	0.000413328	0.0549983	0.893562	0.0123009	0.038919	0.000220264	0.0362228	0.0116381	0.89558	0.056297	0.000261704	0.0249444	0.0175981	0.0167522	0.940393	0.000312609	0.000125464	8.87425e-05	8.56825e-05	0.000159125	0.999541
12	0.902444	0.0386495	0.0175611	0.0411943	0.000151172	0.0481815	0.903312	0.0116902	0.0365319	0.000284137	0.0338539	0.0109137	0.909675	0.0453419	0.000215401	0.0213096	0.0153949	0.013696	0.949243	0.000356559	0.000100173	7.87075e-05	0.000100173	0.000100173	0.999621
13	0.918279	0.0299318	0.0148293	0.0367014	0.000258033	0.0384404	0.91771	0.0093827	0.0342038	0.00026329	0.0311638	0.00902282	0.908261	0.0512023	0.000350401	0.0161961	0.0121047	0.00977644	0.961708	0.000214743	0.000206886	7.86167e-05	6.62035e-05	0.000140682	0.999508
14	0.937086	0.0222755	0.0136679	0.026762	0.00020867	0.0257431	0.93886	0.00677449	0.0286222	NA	0.027658	0.00862069	0.918032	0.0456178	7.18391e-05	0.0112853	0.0108058	0.00626959	0.971381	0.00025816	9.72344e-05	1.38906e-05	0.000125016	0.000111125	0.999653
15	0.952122	0.0167047	0.00982112	0.0212645	8.76885e-05	0.0214993	0.948032	0.00555279	0.0249164	NA	0.0279741	0.00904517	0.922966	0.0398946	0.000119804	0.00996688	0.00823351	0.00581917	0.975888	9.28591e-05	0.000139806	5.82527e-05	3.49516e-05	0.000104855	0.999662
16	0.965261	0.0101138	0.00855035	0.0160258	4.88591e-05	0.0122792	0.959882	0.00487805	0.0228764	8.41043e-05	0.0312761	0.00966083	0.924659	0.0342647	0.000139005	0.00713277	0.00738622	0.00477932	0.980665	3.6207e-05	0.000174851	4.03502e-05	1.34501e-05	8.07005e-05	0.999691
17	0.989574	0.00171572	0.00435529	0.00435529	NA	0.0120137	0.974828	0.00228833	0.0108696	NA	0.0373289	0.0114061	0.92472	0.026545	NA	0.00392349	0.00429132	0.00220696	0.98921	0.000367827	4.16181e-05	NA	NA	NA	0.999958
18	0.99331	0.00165774	0.00204257	0.00298985	NA	0.00272463	0.989344	0.00121095	0.00672076	NA	0.00749572	0.0021632	0.984455	0.0058859	NA	0.0015994	0.00282394	0.00149944	0.994077	NA	9.12934e-06	NA	9.12934e-06	3.65173e-05	0.999945
19	0.988265	0.00237432	0.00470298	0.00465732	NA	0.00290946	0.985367	0.00188259	0.00975526	8.55725e-05	0.0147562	0.00370687	0.969989	0.011477	7.1286e-05	0.00333769	0.00380932	0.00137861	0.991329	0.000145117	3.33411e-05	NA	1.66706e-05	3.33411e-05	0.999917
20	0.993553	0.00156299	0.00238356	0.00246171	3.90747e-05	0.0023863	0.987718	0.00126334	0.00856261	7.01853e-05	0.00687578	0.00125014	0.988294	0.00335265	0.000227299	0.00233802	0.00345899	0.00140922	0.99273	6.40553e-05	1.12838e-05	NA	NA	4.5135e-05	0.999944
21	0.984448	0.00533763	0.00456963	0.00556164	8.32005e-05	0.00688207	0.979925	0.00193631	0.0111863	6.99872e-05	0.0101244	0.00181026	0.980862	0.00714772	5.59874e-05	0.00396683	0.00560218	0.00232595	0.988028	7.73476e-05	5.28282e-05	2.64141e-05	1.13203e-05	4.90548e-05	0.99986
22	0.985493	0.00430952	0.00484733	0.0052153	0.000134451	0.00597334	0.980269	0.00187374	0.0118084	7.54527e-05	0.0108312	0.00174072	0.980821	0.00651499	9.1617e-05	0.00384012	0.00546699	0.00206952	0.988531	9.19789e-05	6.08654e-05	2.6375e-05	1.82596e-05	5.275e-05	0.999842
23	0.98852	0.00331869	0.00426154	0.00383373	6.64568e-05	0.00454233	0.98332	0.00148892	0.0106189	3.02318e-05	0.00959504	0.00142892	0.984209	0.00470631	6.08051e-05	0.00342409	0.00470591	0.00169257	0.990121	5.6655e-05	4.63854e-05	7.324e-06	2.07513e-05	4.27234e-05	0.999883
24	0.991078	0.00217808	0.00384661	0.00280753	8.99209e-05	0.00314436	0.987698	0.00101135	0.00805399	9.19405e-05	0.00913576	0.00120287	0.985642	0.00401973	NA	0.00242253	0.00401519	0.00134119	0.992188	3.35298e-05	4.80491e-05	3.00307e-05	NA	3.60368e-05	0.999886
25	0.989889	0.0024878	0.00417716	0.00335769	8.82498e-05	0.00362619	0.985311	0.00121128	0.00978994	6.13309e-05	0.00891369	0.00108401	0.986199	0.00376618	3.71662e-05	0.00286187	0.00481075	0.00145376	0.990821	5.26724e-05	5.17505e-05	1.47859e-05	2.58753e-05	5.5447e-05	0.999852
26	0.992609	0.00166102	0.00321131	0.00243206	8.6127e-05	0.00236137	0.988155	0.000997867	0.00843236	5.33211e-05	0.00796417	0.00101234	0.987288	0.00369696	3.84433e-05	0.00238363	0.00428647	0.00111055	0.992131	8.80317e-05	4.0426e-05	2.5092e-05	1.394e-05	6.6912e-05	0.999854
27	0.994114	0.000954264	0.00294677	0.00191616	6.8707e-05	0.00146647	0.990857	0.000897841	0.00673381	4.4892e-05	0.00636926	0.00085268	0.990143	0.0025968	3.87582e-05	0.00187496	0.00340595	0.000843057	0.993829	4.72112e-05	4.76327e-05	5.01396e-06	2.25628e-05	4.51257e-05	0.99988
28	0.993061	0.00109938	0.00366459	0.00211785	5.71105e-05	0.00229066	0.98888	0.00101907	0.00780087	9.01835e-06	0.00755641	0.000854004	0.98886	0.00269926	3.05001e-05	0.00219953	0.00420918	0.00119471	0.992353	4.35159e-05	5.22442e-05	1.07562e-05	2.61221e-05	5.22442e-05	0.999859
29	0.995472	0.000819973	0.00224786	0.00142082	3.88781e-05	0.00129419	0.992771	0.00066797	0.00524635	2.08741e-05	0.00551381	0.000600222	0.992191	0.00167709	1.76536e-05	0.00142525	0.00259194	0.000595957	0.995349	3.78385e-05	3.06024e-05	9.06739e-06	1.36011e-05	2.9469e-05	0.999917
30	0.997994	0.000308022	0.00104526	0.000643312	9.08918e-06	0.000648221	0.99622	0.000307428	0.00282167	2.38317e-06	0.00290543	0.000275713	0.996109	0.000695548	1.46211e-05	0.000723259	0.00147674	0.000404358	0.997386	9.37945e-06	1.47141e-05	6.9243e-06	4.32769e-06	1.73107e-05	0.999957
31	0.993696	0.000993094	0.00328633	0.0019718	5.27731e-05	0.00187117	0.989327	0.000678174	0.00810344	1.98007e-05	0.00724623	0.000805576	0.990175	0.00174147	3.15912e-05	0.00201835	0.00388565	0.00101355	0.993028	5.47275e-05	3.66226e-05	1.55841e-05	1.09088e-05	4.44146e-05	0.999892
32	0.994226	0.00088808	0.00309052	0.00174286	5.21747e-05	0.00155426	0.990929	0.000659722	0.00684098	1.56544e-05	0.0065987	0.000567733	0.991115	0.00169173	2.67618e-05	0.00177713	0.00367094	0.000929453	0.993573	4.98634e-05	2.5428e-05	5.92159e-06	9.40488e-06	3.06529e-05	0.999929
33	0.994548	0.000802448	0.00300766	0.00159474	4.67248e-05	0.00149595	0.991482	0.000524528	0.00646848	2.93736e-05	0.00627324	0.000640424	0.991682	0.00138455	2.00132e-05	0.00167446	0.00338201	0.000847157	0.994047	4.91654e-05	2.57792e-05	6.20007e-06	7.50534e-06	2.90424e-05	0.999931
34	0.994929	0.000763346	0.00277213	0.00148046	5.53847e-05	0.00133575	0.992277	0.000555074	0.00581306	1.88872e-05	0.00573534	0.000560542	0.992275	0.00140726	2.18039e-05	0.00150794	0.00304813	0.000780145	0.994613	5.04827e-05	2.61926e-05	4.3122e-06	7.66613e-06	2.47552e-05	0.999937
35	0.994481	0.000781064	0.00303102	0.00165628	5.07303e-05	0.00149477	0.991456	0.000601124	0.00643142	1.70888e-05	0.00622172	0.000625473	0.99169	0.00143475	2.85523e-05	0.00166344	0.00329074	0.000900296	0.994104	4.12385e-05	2.41659e-05	7.12585e-06	5.11202e-06	2.61797e-05	0.999937
36	0.994319	0.000833015	0.00315701	0.00163889	5.20721e-05	0.00149078	0.991421	0.000601941	0.00647042	1.58721e-05	0.00654227	0.000588883	0.991294	0.00154525	2.94442e-05	0.00162204	0.00313004	0.00086471	0.994337	4.65264e-05	2.05466e-05	5.77577e-06	6.05982e-06	2.32925e-05	0.999944
37	0.994123	0.000856398	0.00322661	0.00172207	7.18878e-05	0.00158776	0.991017	0.000641123	0.00672415	2.98674e-05	0.00670496	0.000624516	0.991044	0.00159776	2.92435e-05	0.00171805	0.00321006	0.000922778	0.994084	6.54204e-05	2.84053e-05	7.21851e-06	6.89977e-06	2.90616e-05	0.999928
38	0.994044	0.000856613	0.00329699	0.00173674	6.59669e-05	0.00162872	0.990856	0.000661505	0.00682429	2.90422e-05	0.00679858	0.000635085	0.990919	0.0016152	3.17062e-05	0.00173218	0.0031685	0.000919936	0.994106	7.33404e-05	2.96559e-05	7.1495e-06	7.11538e-06	2.84103e-05	0.999928
39	0.994099	0.00083972	0.00327079	0.00171616	7.46806e-05	0.00163883	0.990953	0.000664427	0.00671385	2.98184e-05	0.00683227	0.000636195	0.990851	0.00164843	3.1783e-05	0.00171427	0.00312264	0.000931541	0.994159	7.24256e-05	3.23434e-05	6.39576e-06	6.56407e-06	3.28203e-05	0.999922
40	0.9942	0.000828808	0.00323849	0.00163971	9.33688e-05	0.00164015	0.991027	0.000656562	0.00663858	3.77335e-05	0.00678686	0.000623823	0.990807	0.00174336	3.8989e-05	0.0016671	0.00306747	0.000947867	0.994213	0.000104789	4.20578e-05	6.72925e-06	9.6733e-06	3.32257e-05	0.999908
41	0.993976	0.000837612	0.00329882	0.00180144	8.60561e-05	0.00149741	0.990994	0.000770408	0.00667325	6.51049e-05	0.00689571	0.000760736	0.990699	0.00160736	3.68098e-05	0.00170881	0.00289905	0.00101245	0.994281	9.87752e-05	3.8159e-05	5.45128e-06	NA	2.90735e-05	0.999927
42	0.993987	0.00078898	0.00332651	0.0017912	0.000106619	0.00181693	0.990956	0.000888279	0.00633908	NA	0.00735099	0.000797095	0.990169	0.00168276	NA	0.00197313	0.0031758	0.00108992	0.99363	0.000131542	3.39144e-05	6.78288e-06	2.03486e-05	2.71315e-05	0.999912
