# The following table is formatted as tab separated values. 
#GeneName	GeneId	TranscriptId	BioType	variants_impact_HIGH	variants_impact_LOW	variants_impact_MODERATE	variants_impact_MODIFIER	variants_effect_downstream_gene_variant	variants_effect_exon_loss_variant+splice_region_variant	variants_effect_frameshift_variant	variants_effect_frameshift_variant+missense_variant	variants_effect_frameshift_variant+stop_lost+splice_region_variant	variants_effect_inframe_deletion	variants_effect_inframe_insertion	variants_effect_inframe_insertion+synonymous_variant	variants_effect_missense_variant	variants_effect_synonymous_variant	variants_effect_upstream_gene_variant	bases_affected_DOWNSTREAM	total_score_DOWNSTREAM	length_DOWNSTREAM	bases_affected_EXON	total_score_EXON	length_EXON	bases_affected_UPSTREAM	total_score_UPSTREAM	length_UPSTREAM
SAOUHSC_00021	SAOUHSC_00021	YP_498627.1		0	0	0	1	1	0	0	0	0	0	0	0	0	0	0	1	0	5000	0	0	0	0	0	0
SAOUHSC_00022	SAOUHSC_00022	YP_498628.1		0	0	0	1	1	0	0	0	0	0	0	0	0	0	0	1	0	5000	0	0	0	0	0	0
SAOUHSC_00023	SAOUHSC_00023	YP_498629.1		0	0	0	1	1	0	0	0	0	0	0	0	0	0	0	1	0	5000	0	0	0	0	0	0
SAOUHSC_00024	SAOUHSC_00024	YP_498630.1		0	0	0	1	1	0	0	0	0	0	0	0	0	0	0	1	0	5000	0	0	0	0	0	0
SAOUHSC_00025	SAOUHSC_00025	YP_498631.1		0	0	0	1	0	0	0	0	0	0	0	0	0	0	1	0	0	0	0	0	0	1	0	5000
SAOUHSC_00026	SAOUHSC_00026	YP_498632.1		0	0	0	1	1	0	0	0	0	0	0	0	0	0	0	1	0	5000	0	0	0	0	0	0
SAOUHSC_00027	SAOUHSC_00027	YP_498633.1		0	0	0	1	0	0	0	0	0	0	0	0	0	0	1	0	0	0	0	0	0	1	0	5000
SAOUHSC_00028	SAOUHSC_00028	YP_498634.1		0	0	0	1	1	0	0	0	0	0	0	0	0	0	0	1	0	5000	0	0	0	0	0	0
SAOUHSC_00029	SAOUHSC_00029	YP_498635.1		0	0	0	1	0	0	0	0	0	0	0	0	0	0	1	0	0	0	0	0	0	1	0	5000
SAOUHSC_00030	SAOUHSC_00030	YP_498636.1		0	0	0	1	0	0	0	0	0	0	0	0	0	0	1	0	0	0	0	0	0	1	0	5000
SAOUHSC_00053	SAOUHSC_00053	YP_498658.1		0	0	0	2	2	0	0	0	0	0	0	0	0	0	0	2	0	5000	0	0	0	0	0	0
SAOUHSC_00054	SAOUHSC_00054	YP_498659.1		0	0	0	2	2	0	0	0	0	0	0	0	0	0	0	2	0	5000	0	0	0	0	0	0
SAOUHSC_00055	SAOUHSC_00055	YP_498660.1		0	0	0	2	2	0	0	0	0	0	0	0	0	0	0	2	0	5000	0	0	0	0	0	0
SAOUHSC_00056	SAOUHSC_00056	YP_498661.1		0	0	0	2	2	0	0	0	0	0	0	0	0	0	0	2	0	5000	0	0	0	0	0	0
SAOUHSC_00057	SAOUHSC_00057	YP_498662.1		0	1	1	0	0	0	0	0	0	0	0	0	1	1	0	0	0	0	2	0	1179	0	0	0
SAOUHSC_00058	SAOUHSC_00058	YP_498663.1		0	0	0	2	0	0	0	0	0	0	0	0	0	0	2	0	0	0	0	0	0	2	0	5000
SAOUHSC_00060	SAOUHSC_00060	YP_498664.1		0	0	0	2	2	0	0	0	0	0	0	0	0	0	0	2	0	5000	0	0	0	0	0	0
SAOUHSC_00061	SAOUHSC_00061	YP_498665.1		0	0	0	2	2	0	0	0	0	0	0	0	0	0	0	2	0	5000	0	0	0	0	0	0
SAOUHSC_00226	SAOUHSC_00226	YP_498821.1		0	0	0	3	3	0	0	0	0	0	0	0	0	0	0	3	0	5000	0	0	0	0	0	0
SAOUHSC_00227	SAOUHSC_00227	YP_498822.1		0	0	0	3	3	0	0	0	0	0	0	0	0	0	0	3	0	5000	0	0	0	0	0	0
SAOUHSC_00228	SAOUHSC_00228	YP_498823.1		0	0	0	3	3	0	0	0	0	0	0	0	0	0	0	3	0	5000	0	0	0	0	0	0
SAOUHSC_00229	SAOUHSC_00229	YP_498824.1		0	0	0	3	3	0	0	0	0	0	0	0	0	0	0	3	0	5000	0	0	0	0	0	0
SAOUHSC_00230	SAOUHSC_00230	YP_498825.1		0	0	0	3	0	0	0	0	0	0	0	0	0	0	3	0	0	0	0	0	0	3	0	5000
SAOUHSC_00231	SAOUHSC_00231	YP_498826.1		0	0	0	3	0	0	0	0	0	0	0	0	0	0	3	0	0	0	0	0	0	3	0	5000
SAOUHSC_00232	SAOUHSC_00232	YP_498827.1		0	0	0	3	0	0	0	0	0	0	0	0	0	0	3	0	0	0	0	0	0	3	0	5000
SAOUHSC_00233	SAOUHSC_00233	YP_498828.1		0	0	0	3	0	0	0	0	0	0	0	0	0	0	3	0	0	0	0	0	0	3	0	5000
SAOUHSC_00234	SAOUHSC_00234	YP_498829.1		0	0	0	3	3	0	0	0	0	0	0	0	0	0	0	3	0	5000	0	0	0	0	0	0
SAOUHSC_00235	SAOUHSC_00235	YP_498830.1		0	0	0	3	0	0	0	0	0	0	0	0	0	0	3	0	0	0	0	0	0	3	0	5000
SAOUHSC_00266	SAOUHSC_00266	YP_498859.1		0	0	0	1	1	0	0	0	0	0	0	0	0	0	0	1	0	5000	0	0	0	0	0	0
SAOUHSC_00267	SAOUHSC_00267	YP_498860.1		0	0	0	1	1	0	0	0	0	0	0	0	0	0	0	1	0	5000	0	0	0	0	0	0
SAOUHSC_00268	SAOUHSC_00268	YP_498861.1		0	0	0	2	2	0	0	0	0	0	0	0	0	0	0	2	0	5000	0	0	0	0	0	0
SAOUHSC_00269	SAOUHSC_00269	YP_498862.1		0	0	0	2	2	0	0	0	0	0	0	0	0	0	0	2	0	5000	0	0	0	0	0	0
SAOUHSC_00270	SAOUHSC_00270	YP_498863.1		0	0	0	2	2	0	0	0	0	0	0	0	0	0	0	2	0	5000	0	0	0	0	0	0
SAOUHSC_00271	SAOUHSC_00271	YP_498864.1		0	0	0	2	2	0	0	0	0	0	0	0	0	0	0	2	0	5000	0	0	0	0	0	0
SAOUHSC_00272	SAOUHSC_00272	YP_498865.1		0	0	0	2	2	0	0	0	0	0	0	0	0	0	0	2	0	5000	0	0	0	0	0	0
SAOUHSC_00274	SAOUHSC_00274	YP_498866.1		0	1	0	4	4	0	0	0	0	0	0	0	0	1	0	4	0	5000	1	0	501	0	0	0
SAOUHSC_00275	SAOUHSC_00275	YP_498867.2		0	0	1	4	3	0	0	0	0	0	0	0	1	0	1	3	0	5000	1	0	501	1	0	5000
SAOUHSC_00276	SAOUHSC_00276	YP_498868.1		0	0	0	5	3	0	0	0	0	0	0	0	0	0	2	3	0	5000	0	0	0	2	0	5000
SAOUHSC_00277	SAOUHSC_00277	YP_498869.1		0	0	0	5	3	0	0	0	0	0	0	0	0	0	2	3	0	5000	0	0	0	2	0	5000
SAOUHSC_00278	SAOUHSC_00278	YP_498870.1		0	0	0	7	5	0	0	0	0	0	0	0	0	0	2	5	0	5000	0	0	0	2	0	5000
SAOUHSC_00279	SAOUHSC_00279	YP_498871.1		0	0	0	7	5	0	0	0	0	0	0	0	0	0	2	5	0	5000	0	0	0	2	0	5000
SAOUHSC_00280	SAOUHSC_00280	YP_498872.1		0	0	0	7	5	0	0	0	0	0	0	0	0	0	2	5	0	5000	0	0	0	2	0	5000
SAOUHSC_00281	SAOUHSC_00281	YP_498873.1		0	0	0	7	2	0	0	0	0	0	0	0	0	0	5	2	0	5000	0	0	0	5	0	5000
SAOUHSC_00282	SAOUHSC_00282	YP_498874.1		0	0	0	6	4	0	0	0	0	0	0	0	0	0	2	4	0	5000	0	0	0	2	0	5000
SAOUHSC_00284	SAOUHSC_00284	YP_498875.1		0	1	1	3	0	0	0	0	0	0	0	0	1	1	3	0	0	0	2	0	891	3	0	5000
SAOUHSC_00285	SAOUHSC_00285	YP_498877.1		0	0	0	5	0	0	0	0	0	0	0	0	0	0	5	0	0	0	0	0	0	5	0	5000
SAOUHSC_00287	SAOUHSC_00287	YP_498878.1		0	0	0	5	0	0	0	0	0	0	0	0	0	0	5	0	0	0	0	0	0	5	0	5000
SAOUHSC_00289	SAOUHSC_00289	YP_498879.1		0	0	0	5	5	0	0	0	0	0	0	0	0	0	0	5	0	5000	0	0	0	0	0	0
SAOUHSC_00290	SAOUHSC_00290	YP_498880.1		0	0	0	2	0	0	0	0	0	0	0	0	0	0	2	0	0	0	0	0	0	2	0	5000
SAOUHSC_00291	SAOUHSC_00291	YP_498881.1		0	0	0	2	0	0	0	0	0	0	0	0	0	0	2	0	0	0	0	0	0	2	0	5000
SAOUHSC_00318	SAOUHSC_00318	YP_498908.1		0	0	0	1	1	0	0	0	0	0	0	0	0	0	0	1	0	5000	0	0	0	0	0	0
SAOUHSC_00319	SAOUHSC_00319	YP_498909.1		0	0	0	1	1	0	0	0	0	0	0	0	0	0	0	1	0	5000	0	0	0	0	0	0
SAOUHSC_00320	SAOUHSC_00320	YP_498910.1		0	0	0	1	1	0	0	0	0	0	0	0	0	0	0	1	0	5000	0	0	0	0	0	0
SAOUHSC_00322	SAOUHSC_00322	YP_498911.1		0	0	0	1	0	0	0	0	0	0	0	0	0	0	1	0	0	0	0	0	0	1	0	5000
SAOUHSC_00323	SAOUHSC_00323	YP_498912.1		0	0	0	1	1	0	0	0	0	0	0	0	0	0	0	1	0	5000	0	0	0	0	0	0
SAOUHSC_00324	SAOUHSC_00324	YP_498913.1		0	0	0	1	1	0	0	0	0	0	0	0	0	0	0	1	0	5000	0	0	0	0	0	0
SAOUHSC_00325	SAOUHSC_00325	YP_498914.1		0	0	0	1	0	0	0	0	0	0	0	0	0	0	1	0	0	0	0	0	0	1	0	5000
SAOUHSC_00326	SAOUHSC_00326	YP_498915.1		0	0	0	1	0	0	0	0	0	0	0	0	0	0	1	0	0	0	0	0	0	1	0	5000
SAOUHSC_00327	SAOUHSC_00327	YP_498916.1		0	0	0	2	1	0	0	0	0	0	0	0	0	0	1	1	0	5000	0	0	0	1	0	5000
SAOUHSC_00328	SAOUHSC_00328	YP_498917.1		0	0	0	2	1	0	0	0	0	0	0	0	0	0	1	1	0	5000	0	0	0	1	0	5000
SAOUHSC_00329	SAOUHSC_00329	YP_498918.1		0	0	0	2	1	0	0	0	0	0	0	0	0	0	1	1	0	5000	0	0	0	1	0	5000
SAOUHSC_00330	SAOUHSC_00330	YP_498919.1		0	0	0	1	0	0	0	0	0	0	0	0	0	0	1	0	0	0	0	0	0	1	0	5000
SAOUHSC_00331	SAOUHSC_00331	YP_498920.1		0	0	0	1	1	0	0	0	0	0	0	0	0	0	0	1	0	5000	0	0	0	0	0	0
SAOUHSC_00332	SAOUHSC_00332	YP_498921.1		0	0	0	1	1	0	0	0	0	0	0	0	0	0	0	1	0	5000	0	0	0	0	0	0
SAOUHSC_00333	SAOUHSC_00333	YP_498922.1		0	0	0	1	1	0	0	0	0	0	0	0	0	0	0	1	0	5000	0	0	0	0	0	0
SAOUHSC_00334	SAOUHSC_00334	YP_498923.1		0	0	0	1	1	0	0	0	0	0	0	0	0	0	0	1	0	5000	0	0	0	0	0	0
SAOUHSC_00335	SAOUHSC_00335	YP_498924.1		0	0	0	1	1	0	0	0	0	0	0	0	0	0	0	1	0	5000	0	0	0	0	0	0
SAOUHSC_00336	SAOUHSC_00336	YP_498926.1		0	0	0	1	0	0	0	0	0	0	0	0	0	0	1	0	0	0	0	0	0	1	0	5000
SAOUHSC_00337	SAOUHSC_00337	YP_498927.1		0	0	0	1	1	0	0	0	0	0	0	0	0	0	0	1	0	5000	0	0	0	0	0	0
SAOUHSC_00338	SAOUHSC_00338	YP_498928.1		0	0	0	1	1	0	0	0	0	0	0	0	0	0	0	1	0	5000	0	0	0	0	0	0
SAOUHSC_00374	SAOUHSC_00374	YP_498963.1		0	0	0	1	1	0	0	0	0	0	0	0	0	0	0	1	0	5000	0	0	0	0	0	0
SAOUHSC_00376	SAOUHSC_00376	YP_498965.1		0	0	0	1	0	0	0	0	0	0	0	0	0	0	1	0	0	0	0	0	0	1	0	5000
SAOUHSC_00377	SAOUHSC_00377	YP_498966.1		0	0	0	1	0	0	0	0	0	0	0	0	0	0	1	0	0	0	0	0	0	1	0	5000
SAOUHSC_00378	SAOUHSC_00378	YP_498967.1		0	0	0	1	0	0	0	0	0	0	0	0	0	0	1	0	0	0	0	0	0	1	0	5000
SAOUHSC_00381	SAOUHSC_00381	YP_498969.1		0	0	0	1	1	0	0	0	0	0	0	0	0	0	0	1	0	5000	0	0	0	0	0	0
SAOUHSC_00381a	SAOUHSC_00381a	YP_008530238.1		0	0	0	1	0	0	0	0	0	0	0	0	0	0	1	0	0	0	0	0	0	1	0	5000
SAOUHSC_00382	SAOUHSC_00382	YP_498970.1		0	0	0	1	1	0	0	0	0	0	0	0	0	0	0	1	0	5000	0	0	0	0	0	0
SAOUHSC_00383	SAOUHSC_00383	YP_498971.1		0	0	0	1	0	0	0	0	0	0	0	0	0	0	1	0	0	0	0	0	0	1	0	5000
SAOUHSC_00384	SAOUHSC_00384	YP_498972.1		0	0	0	1	0	0	0	0	0	0	0	0	0	0	1	0	0	0	0	0	0	1	0	5000
SAOUHSC_00386	SAOUHSC_00386	YP_498973.1		0	0	0	1	0	0	0	0	0	0	0	0	0	0	1	0	0	0	0	0	0	1	0	5000
SAOUHSC_00389	SAOUHSC_00389	YP_498975.1		0	0	0	1	1	0	0	0	0	0	0	0	0	0	0	1	0	5000	0	0	0	0	0	0
SAOUHSC_00390	SAOUHSC_00390	YP_498976.1		0	0	0	1	1	0	0	0	0	0	0	0	0	0	0	1	0	5000	0	0	0	0	0	0
SAOUHSC_00391	SAOUHSC_00391	YP_498978.1		0	0	0	1	1	0	0	0	0	0	0	0	0	0	0	1	0	5000	0	0	0	0	0	0
SAOUHSC_00392	SAOUHSC_00392	YP_498979.1		0	0	0	1	1	0	0	0	0	0	0	0	0	0	0	1	0	5000	0	0	0	0	0	0
SAOUHSC_00393	SAOUHSC_00393	YP_498980.1		0	0	1	0	0	0	0	0	0	0	0	0	1	0	0	0	0	0	1	0	699	0	0	0
SAOUHSC_00394	SAOUHSC_00394	YP_498981.1		0	0	0	1	0	0	0	0	0	0	0	0	0	0	1	0	0	0	0	0	0	1	0	5000
SAOUHSC_00395	SAOUHSC_00395	YP_498982.1		0	0	0	10	9	0	0	0	0	0	0	0	0	0	1	9	0	5000	0	0	0	1	0	5000
SAOUHSC_00396	SAOUHSC_00396	YP_498983.1		0	0	0	10	1	0	0	0	0	0	0	0	0	0	9	1	0	5000	0	0	0	9	0	5000
SAOUHSC_00397	SAOUHSC_00397	YP_498984.1		0	0	0	13	12	0	0	0	0	0	0	0	0	0	1	12	0	5000	0	0	0	1	0	5000
SAOUHSC_00398	SAOUHSC_00398	YP_498985.1		0	0	0	16	15	0	0	0	0	0	0	0	0	0	1	15	0	5000	0	0	0	1	0	5000
SAOUHSC_00399	SAOUHSC_00399	YP_498986.1		0	0	0	16	16	0	0	0	0	0	0	0	0	0	0	16	0	5000	0	0	0	0	0	0
SAOUHSC_00400	SAOUHSC_00400	YP_498987.1		0	3	9	4	4	0	0	0	0	0	0	0	9	3	0	4	0	5000	12	0	1509	0	0	0
SAOUHSC_00401	SAOUHSC_00401	YP_498988.1		0	0	0	16	12	0	0	0	0	0	0	0	0	0	4	12	0	5000	0	0	0	4	0	5000
SAOUHSC_00402	SAOUHSC_00402	YP_498989.1		0	0	0	17	5	0	0	0	0	0	0	0	0	0	12	5	0	5000	0	0	0	12	0	5000
SAOUHSC_00404	SAOUHSC_00404	YP_498990.1		0	0	3	14	2	0	0	0	0	0	0	0	3	0	12	2	0	5000	3	0	786	12	0	5000
SAOUHSC_00405	SAOUHSC_00405	YP_498991.1		0	0	1	16	1	0	0	0	0	0	0	0	1	0	15	1	0	5000	1	0	738	15	0	5000
SAOUHSC_00406	SAOUHSC_00406	YP_498992.1		0	0	0	17	1	0	0	0	0	0	0	0	0	0	16	1	0	5000	0	0	0	16	0	5000
SAOUHSC_00407	SAOUHSC_00407	YP_498993.1		0	0	0	8	1	0	0	0	0	0	0	0	0	0	7	1	0	5000	0	0	0	7	0	5000
SAOUHSC_00408	SAOUHSC_00408	YP_498994.1		0	0	0	5	1	0	0	0	0	0	0	0	0	0	4	1	0	5000	0	0	0	4	0	5000
SAOUHSC_00409	SAOUHSC_00409	YP_498995.1		0	0	0	5	4	0	0	0	0	0	0	0	0	0	1	4	0	5000	0	0	0	1	0	5000
SAOUHSC_00410	SAOUHSC_00410	YP_498996.1		0	0	0	5	0	0	0	0	0	0	0	0	0	0	5	0	0	0	0	0	0	5	0	5000
SAOUHSC_00411	SAOUHSC_00411	YP_498997.1		0	0	0	2	0	0	0	0	0	0	0	0	0	0	2	0	0	0	0	0	0	2	0	5000
SAOUHSC_00412	SAOUHSC_00412	YP_498998.1		0	0	0	1	0	0	0	0	0	0	0	0	0	0	1	0	0	0	0	0	0	1	0	5000
SAOUHSC_00413	SAOUHSC_00413	YP_498999.1		0	0	0	1	0	0	0	0	0	0	0	0	0	0	1	0	0	0	0	0	0	1	0	5000
SAOUHSC_00435	SAOUHSC_00435	YP_499018.1		0	0	0	1	1	0	0	0	0	0	0	0	0	0	0	1	0	5000	0	0	0	0	0	0
SAOUHSC_00437	SAOUHSC_00437	YP_499020.1		0	0	0	1	0	0	0	0	0	0	0	0	0	0	1	0	0	0	0	0	0	1	0	5000
SAOUHSC_00438	SAOUHSC_00438	YP_499021.1		0	0	0	1	0	0	0	0	0	0	0	0	0	0	1	0	0	0	0	0	0	1	0	5000
SAOUHSC_00439	SAOUHSC_00439	YP_499022.1		0	0	0	1	0	0	0	0	0	0	0	0	0	0	1	0	0	0	0	0	0	1	0	5000
SAOUHSC_00440	SAOUHSC_00440	YP_499023.1		0	0	0	1	0	0	0	0	0	0	0	0	0	0	1	0	0	0	0	0	0	1	0	5000
SAOUHSC_00441	SAOUHSC_00441	YP_499024.1		0	0	0	1	0	0	0	0	0	0	0	0	0	0	1	0	0	0	0	0	0	1	0	5000
SAOUHSC_00538	SAOUHSC_00538	YP_499110.1		0	0	0	1	1	0	0	0	0	0	0	0	0	0	0	1	0	5000	0	0	0	0	0	0
SAOUHSC_00539	SAOUHSC_00539	YP_499111.1		0	0	0	1	0	0	0	0	0	0	0	0	0	0	1	0	0	0	0	0	0	1	0	5000
SAOUHSC_00540	SAOUHSC_00540	YP_499112.1		0	0	0	3	0	0	0	0	0	0	0	0	0	0	3	0	0	0	0	0	0	3	0	5000
SAOUHSC_00541	SAOUHSC_00541	YP_499113.1		0	0	0	3	3	0	0	0	0	0	0	0	0	0	0	3	0	5000	0	0	0	0	0	0
SAOUHSC_00542	SAOUHSC_00542	YP_499114.1		0	0	0	3	3	0	0	0	0	0	0	0	0	0	0	3	0	5000	0	0	0	0	0	0
SAOUHSC_00543	SAOUHSC_00543	YP_499115.1		0	0	0	3	3	0	0	0	0	0	0	0	0	0	0	3	0	5000	0	0	0	0	0	0
SAOUHSC_00544	SAOUHSC_00544	YP_499117.1		0	1	2	2	2	0	0	0	0	0	0	1	1	1	0	2	0	5000	3	0	2988	0	0	0
SAOUHSC_00545	SAOUHSC_00545	YP_499118.1		0	1	1	3	0	0	0	0	0	0	0	0	1	1	3	0	0	0	2	0	4050	3	0	5000
SAOUHSC_00547	SAOUHSC_00547	YP_499119.1		0	0	0	2	0	0	0	0	0	0	0	0	0	0	2	0	0	0	0	0	0	2	0	5000
SAOUHSC_00548	SAOUHSC_00548	YP_499120.1		0	0	0	2	2	0	0	0	0	0	0	0	0	0	0	2	0	5000	0	0	0	0	0	0
SAOUHSC_00549	SAOUHSC_00549	YP_499121.1		0	0	0	1	1	0	0	0	0	0	0	0	0	0	0	1	0	5000	0	0	0	0	0	0
SAOUHSC_00550	SAOUHSC_00550	YP_499122.1		0	0	0	1	1	0	0	0	0	0	0	0	0	0	0	1	0	5000	0	0	0	0	0	0
SAOUHSC_00730	SAOUHSC_00730	YP_499290.1		0	0	0	1	1	0	0	0	0	0	0	0	0	0	0	1	0	5000	0	0	0	0	0	0
SAOUHSC_00731	SAOUHSC_00731	YP_499291.1		0	0	0	1	1	0	0	0	0	0	0	0	0	0	0	1	0	5000	0	0	0	0	0	0
SAOUHSC_00732	SAOUHSC_00732	YP_499292.1		0	0	0	1	1	0	0	0	0	0	0	0	0	0	0	1	0	5000	0	0	0	0	0	0
SAOUHSC_00733	SAOUHSC_00733	YP_499293.1		0	0	0	1	1	0	0	0	0	0	0	0	0	0	0	1	0	5000	0	0	0	0	0	0
SAOUHSC_00734	SAOUHSC_00734	YP_499294.1		0	0	0	1	0	0	0	0	0	0	0	0	0	0	1	0	0	0	0	0	0	1	0	5000
SAOUHSC_00735	SAOUHSC_00735	YP_499295.1		0	0	0	1	0	0	0	0	0	0	0	0	0	0	1	0	0	0	0	0	0	1	0	5000
SAOUHSC_00736	SAOUHSC_00736	YP_499296.1		0	0	0	1	1	0	0	0	0	0	0	0	0	0	0	1	0	5000	0	0	0	0	0	0
SAOUHSC_00737	SAOUHSC_00737	YP_499297.1		0	0	0	1	0	0	0	0	0	0	0	0	0	0	1	0	0	0	0	0	0	1	0	5000
SAOUHSC_00738	SAOUHSC_00738	YP_499298.1		0	0	0	1	1	0	0	0	0	0	0	0	0	0	0	1	0	5000	0	0	0	0	0	0
SAOUHSC_00739	SAOUHSC_00739	YP_499299.1		0	0	0	1	1	0	0	0	0	0	0	0	0	0	0	1	0	5000	0	0	0	0	0	0
SAOUHSC_00740	SAOUHSC_00740	YP_499300.1		0	0	0	1	1	0	0	0	0	0	0	0	0	0	0	1	0	5000	0	0	0	0	0	0
SAOUHSC_00798	SAOUHSC_00798	YP_499354.1		0	0	0	3	3	0	0	0	0	0	0	0	0	0	0	3	0	5000	0	0	0	0	0	0
SAOUHSC_00800	SAOUHSC_00800	YP_499356.1		0	0	0	3	0	0	0	0	0	0	0	0	0	0	3	0	0	0	0	0	0	3	0	5000
SAOUHSC_00802	SAOUHSC_00802	YP_499358.1		0	0	0	3	0	0	0	0	0	0	0	0	0	0	3	0	0	0	0	0	0	3	0	5000
SAOUHSC_00803	SAOUHSC_00803	YP_499359.1		0	0	0	3	0	0	0	0	0	0	0	0	0	0	3	0	0	0	0	0	0	3	0	5000
SAOUHSC_00905	SAOUHSC_00905	YP_499458.1		0	0	0	1	1	0	0	0	0	0	0	0	0	0	0	1	0	5000	0	0	0	0	0	0
SAOUHSC_00906	SAOUHSC_00906	YP_499459.1		0	0	0	1	1	0	0	0	0	0	0	0	0	0	0	1	0	5000	0	0	0	0	0	0
SAOUHSC_00907	SAOUHSC_00907	YP_499460.1		0	0	0	1	1	0	0	0	0	0	0	0	0	0	0	1	0	5000	0	0	0	0	0	0
SAOUHSC_00908	SAOUHSC_00908	YP_499461.1		0	0	0	1	0	0	0	0	0	0	0	0	0	0	1	0	0	0	0	0	0	1	0	5000
SAOUHSC_00909	SAOUHSC_00909	YP_499462.1		0	0	0	1	0	0	0	0	0	0	0	0	0	0	1	0	0	0	0	0	0	1	0	5000
SAOUHSC_00910	SAOUHSC_00910	YP_499463.1		0	0	0	1	1	0	0	0	0	0	0	0	0	0	0	1	0	5000	0	0	0	0	0	0
SAOUHSC_00911	SAOUHSC_00911	YP_499464.1		0	0	0	1	0	0	0	0	0	0	0	0	0	0	1	0	0	0	0	0	0	1	0	5000
SAOUHSC_00912	SAOUHSC_00912	YP_499465.1		0	0	0	1	0	0	0	0	0	0	0	0	0	0	1	0	0	0	0	0	0	1	0	5000
SAOUHSC_00927	SAOUHSC_00927	YP_499480.1		0	0	0	3	3	0	0	0	0	0	0	0	0	0	0	3	0	5000	0	0	0	0	0	0
SAOUHSC_00928	SAOUHSC_00928	YP_499481.1		0	0	0	3	3	0	0	0	0	0	0	0	0	0	0	3	0	5000	0	0	0	0	0	0
SAOUHSC_00929	SAOUHSC_00929	YP_499482.1		0	0	0	3	3	0	0	0	0	0	0	0	0	0	0	3	0	5000	0	0	0	0	0	0
SAOUHSC_00930	SAOUHSC_00930	YP_499483.1		0	0	0	3	3	0	0	0	0	0	0	0	0	0	0	3	0	5000	0	0	0	0	0	0
SAOUHSC_00931	SAOUHSC_00931	YP_499484.1		0	2	1	0	0	0	0	0	0	0	0	0	1	2	0	0	0	0	3	0	963	0	0	0
SAOUHSC_00932	SAOUHSC_00932	YP_499485.1		0	0	0	3	0	0	0	0	0	0	0	0	0	0	3	0	0	0	0	0	0	3	0	5000
SAOUHSC_00933	SAOUHSC_00933	YP_499486.1		0	0	0	3	3	0	0	0	0	0	0	0	0	0	0	3	0	5000	0	0	0	0	0	0
SAOUHSC_00935	SAOUHSC_00935	YP_499488.1		0	0	0	3	0	0	0	0	0	0	0	0	0	0	3	0	0	0	0	0	0	3	0	5000
SAOUHSC_00936	SAOUHSC_00936	YP_499489.1		0	0	0	3	0	0	0	0	0	0	0	0	0	0	3	0	0	0	0	0	0	3	0	5000
SAOUHSC_01108	SAOUHSC_01108	YP_499652.1		0	0	0	1	1	0	0	0	0	0	0	0	0	0	0	1	0	5000	0	0	0	0	0	0
SAOUHSC_01109	SAOUHSC_01109	YP_499653.1		0	0	0	1	1	0	0	0	0	0	0	0	0	0	0	1	0	5000	0	0	0	0	0	0
SAOUHSC_01110	SAOUHSC_01110	YP_499654.1		0	0	0	1	1	0	0	0	0	0	0	0	0	0	0	1	0	5000	0	0	0	0	0	0
SAOUHSC_01111	SAOUHSC_01111	YP_499655.1		0	0	0	1	0	0	0	0	0	0	0	0	0	0	1	0	0	0	0	0	0	1	0	5000
SAOUHSC_01112	SAOUHSC_01112	YP_499656.1		0	0	0	1	0	0	0	0	0	0	0	0	0	0	1	0	0	0	0	0	0	1	0	5000
SAOUHSC_01113	SAOUHSC_01113	YP_499657.1		0	0	0	1	1	0	0	0	0	0	0	0	0	0	0	1	0	5000	0	0	0	0	0	0
SAOUHSC_01114	SAOUHSC_01114	YP_499658.1		0	0	0	1	1	0	0	0	0	0	0	0	0	0	0	1	0	5000	0	0	0	0	0	0
SAOUHSC_01115	SAOUHSC_01115	YP_499659.1		0	0	0	1	1	0	0	0	0	0	0	0	0	0	0	1	0	5000	0	0	0	0	0	0
SAOUHSC_01118	SAOUHSC_01118	YP_499660.1		1	0	0	0	0	0	1	0	0	0	0	0	0	0	0	0	0	0	1	0	246	0	0	0
SAOUHSC_01119	SAOUHSC_01119	YP_499662.1		0	0	0	1	1	0	0	0	0	0	0	0	0	0	0	1	0	5000	0	0	0	0	0	0
SAOUHSC_01120	SAOUHSC_01120	YP_499664.1		0	0	0	1	1	0	0	0	0	0	0	0	0	0	0	1	0	5000	0	0	0	0	0	0
SAOUHSC_01121	SAOUHSC_01121	YP_499665.1		0	0	0	1	1	0	0	0	0	0	0	0	0	0	0	1	0	5000	0	0	0	0	0	0
SAOUHSC_01122	SAOUHSC_01122	YP_499666.1		0	0	0	1	0	0	0	0	0	0	0	0	0	0	1	0	0	0	0	0	0	1	0	5000
SAOUHSC_01123	SAOUHSC_01123	YP_499667.1		0	0	0	1	0	0	0	0	0	0	0	0	0	0	1	0	0	0	0	0	0	1	0	5000
SAOUHSC_01124	SAOUHSC_01124	YP_499668.1		0	0	0	1	1	0	0	0	0	0	0	0	0	0	0	1	0	5000	0	0	0	0	0	0
SAOUHSC_01160	SAOUHSC_01160	YP_499700.1		0	0	0	1	1	0	0	0	0	0	0	0	0	0	0	1	0	5000	0	0	0	0	0	0
SAOUHSC_01163	SAOUHSC_01163	YP_499703.1		0	0	0	1	1	0	0	0	0	0	0	0	0	0	0	1	0	5000	0	0	0	0	0	0
SAOUHSC_01164	SAOUHSC_01164	YP_499704.1		0	0	0	1	0	0	0	0	0	0	0	0	0	0	1	0	0	0	0	0	0	1	0	5000
SAOUHSC_01165	SAOUHSC_01165	YP_499705.1		0	0	0	1	0	0	0	0	0	0	0	0	0	0	1	0	0	0	0	0	0	1	0	5000
SAOUHSC_01169	SAOUHSC_01169	YP_499708.1		0	0	0	1	0	0	0	0	0	0	0	0	0	0	1	0	0	0	0	0	0	1	0	5000
SAOUHSC_01237	SAOUHSC_01237	YP_499770.1		0	0	0	1	1	0	0	0	0	0	0	0	0	0	0	1	0	5000	0	0	0	0	0	0
SAOUHSC_01238	SAOUHSC_01238	YP_499771.1		0	0	0	1	1	0	0	0	0	0	0	0	0	0	0	1	0	5000	0	0	0	0	0	0
SAOUHSC_01239	SAOUHSC_01239	YP_499772.1		0	0	1	0	0	0	0	0	0	0	0	0	1	0	0	0	0	0	1	0	1185	0	0	0
SAOUHSC_01240	SAOUHSC_01240	YP_499773.1		0	0	0	1	0	0	0	0	0	0	0	0	0	0	1	0	0	0	0	0	0	1	0	5000
SAOUHSC_01272	SAOUHSC_01272	YP_499805.1		0	0	0	5	5	0	0	0	0	0	0	0	0	0	0	5	0	5000	0	0	0	0	0	0
SAOUHSC_01274	SAOUHSC_01274	YP_499807.1		0	0	0	5	5	0	0	0	0	0	0	0	0	0	0	5	0	5000	0	0	0	0	0	0
SAOUHSC_01275	SAOUHSC_01275	YP_499808.1		0	0	0	5	0	0	0	0	0	0	0	0	0	0	5	0	0	0	0	0	0	5	0	5000
SAOUHSC_01278	SAOUHSC_01278	YP_499810.1		0	0	0	5	0	0	0	0	0	0	0	0	0	0	5	0	0	0	0	0	0	5	0	5000
SAOUHSC_01279	SAOUHSC_01279	YP_499811.1		0	0	0	5	0	0	0	0	0	0	0	0	0	0	5	0	0	0	0	0	0	5	0	5000
SAOUHSC_01291	SAOUHSC_01291	YP_499822.1		0	0	0	3	3	0	0	0	0	0	0	0	0	0	0	3	0	5000	0	0	0	0	0	0
SAOUHSC_01292	SAOUHSC_01292	YP_499823.1		0	0	0	3	3	0	0	0	0	0	0	0	0	0	0	3	0	5000	0	0	0	0	0	0
SAOUHSC_01293	SAOUHSC_01293	YP_499824.1		0	0	0	3	3	0	0	0	0	0	0	0	0	0	0	3	0	5000	0	0	0	0	0	0
SAOUHSC_01294	SAOUHSC_01294	YP_499825.1		0	0	0	3	3	0	0	0	0	0	0	0	0	0	0	3	0	5000	0	0	0	0	0	0
SAOUHSC_01295	SAOUHSC_01295	YP_499826.1		0	0	0	3	3	0	0	0	0	0	0	0	0	0	0	3	0	5000	0	0	0	0	0	0
SAOUHSC_01296	SAOUHSC_01296	YP_499827.1		0	0	0	3	3	0	0	0	0	0	0	0	0	0	0	3	0	5000	0	0	0	0	0	0
SAOUHSC_01297	SAOUHSC_01297	YP_499828.1		0	0	0	3	3	0	0	0	0	0	0	0	0	0	0	3	0	5000	0	0	0	0	0	0
SAOUHSC_01298	SAOUHSC_01298	YP_499829.1		0	0	0	3	3	0	0	0	0	0	0	0	0	0	0	3	0	5000	0	0	0	0	0	0
SAOUHSC_01299	SAOUHSC_01299	YP_499830.1		0	0	0	3	3	0	0	0	0	0	0	0	0	0	0	3	0	5000	0	0	0	0	0	0
SAOUHSC_01300	SAOUHSC_01300	YP_499831.1		0	0	0	3	3	0	0	0	0	0	0	0	0	0	0	3	0	5000	0	0	0	0	0	0
SAOUHSC_01301	SAOUHSC_01301	YP_499832.1		0	0	0	3	3	0	0	0	0	0	0	0	0	0	0	3	0	5000	0	0	0	0	0	0
SAOUHSC_01304	SAOUHSC_01304	YP_499835.1		0	0	0	3	3	0	0	0	0	0	0	0	0	0	0	3	0	5000	0	0	0	0	0	0
SAOUHSC_01305	SAOUHSC_01305	YP_499836.1		0	0	0	3	3	0	0	0	0	0	0	0	0	0	0	3	0	5000	0	0	0	0	0	0
SAOUHSC_01306	SAOUHSC_01306	YP_499837.1		0	0	0	3	3	0	0	0	0	0	0	0	0	0	0	3	0	5000	0	0	0	0	0	0
SAOUHSC_01307	SAOUHSC_01307	YP_499838.1		0	0	0	3	3	0	0	0	0	0	0	0	0	0	0	3	0	5000	0	0	0	0	0	0
SAOUHSC_01310	SAOUHSC_01310	YP_499840.1		0	0	0	3	0	0	0	0	0	0	0	0	0	0	3	0	0	0	0	0	0	3	0	5000
SAOUHSC_01311	SAOUHSC_01311	YP_499841.1		0	0	0	3	0	0	0	0	0	0	0	0	0	0	3	0	0	0	0	0	0	3	0	5000
SAOUHSC_01312	SAOUHSC_01312	YP_499842.1		0	0	0	3	0	0	0	0	0	0	0	0	0	0	3	0	0	0	0	0	0	3	0	5000
SAOUHSC_01434	SAOUHSC_01434	YP_499959.1		0	0	0	1	0	0	0	0	0	0	0	0	0	0	1	0	0	0	0	0	0	1	0	5000
SAOUHSC_01436	SAOUHSC_01436	YP_499961.1		0	0	0	1	0	0	0	0	0	0	0	0	0	0	1	0	0	0	0	0	0	1	0	5000
SAOUHSC_01437	SAOUHSC_01437	YP_499962.1		0	0	0	1	0	0	0	0	0	0	0	0	0	0	1	0	0	0	0	0	0	1	0	5000
SAOUHSC_01438	SAOUHSC_01438	YP_499963.1		0	0	0	1	0	0	0	0	0	0	0	0	0	0	1	0	0	0	0	0	0	1	0	5000
SAOUHSC_01439	SAOUHSC_01439	YP_499964.1		0	0	0	1	0	0	0	0	0	0	0	0	0	0	1	0	0	0	0	0	0	1	0	5000
SAOUHSC_01440	SAOUHSC_01440	YP_499965.1		0	0	0	1	1	0	0	0	0	0	0	0	0	0	0	1	0	5000	0	0	0	0	0	0
SAOUHSC_01441	SAOUHSC_01441	YP_499966.1		0	1	0	0	0	0	0	0	0	0	0	0	0	1	0	0	0	0	1	0	132	0	0	0
SAOUHSC_01443	SAOUHSC_01443	YP_499968.1		0	0	0	1	0	0	0	0	0	0	0	0	0	0	1	0	0	0	0	0	0	1	0	5000
SAOUHSC_01447	SAOUHSC_01447	YP_499969.1		0	0	0	1	1	0	0	0	0	0	0	0	0	0	0	1	0	5000	0	0	0	0	0	0
SAOUHSC_01478	SAOUHSC_01478	YP_499996.1		0	0	0	3	0	0	0	0	0	0	0	0	0	0	3	0	0	0	0	0	0	3	0	5000
SAOUHSC_01479	SAOUHSC_01479	YP_499997.1		0	0	0	3	0	0	0	0	0	0	0	0	0	0	3	0	0	0	0	0	0	3	0	5000
SAOUHSC_01480	SAOUHSC_01480	YP_499998.1		0	0	0	3	0	0	0	0	0	0	0	0	0	0	3	0	0	0	0	0	0	3	0	5000
SAOUHSC_01481	SAOUHSC_01481	YP_499999.1		0	0	0	3	0	0	0	0	0	0	0	0	0	0	3	0	0	0	0	0	0	3	0	5000
SAOUHSC_01483	SAOUHSC_01483	YP_500001.1		0	2	1	0	0	0	0	0	0	0	0	0	1	2	0	0	0	0	3	0	1167	0	0	0
SAOUHSC_01484	SAOUHSC_01484	YP_500002.1		0	0	0	3	3	0	0	0	0	0	0	0	0	0	0	3	0	5000	0	0	0	0	0	0
SAOUHSC_01486	SAOUHSC_01486	YP_500004.1		0	0	0	3	3	0	0	0	0	0	0	0	0	0	0	3	0	5000	0	0	0	0	0	0
SAOUHSC_01488	SAOUHSC_01488	YP_500006.1		0	0	0	3	3	0	0	0	0	0	0	0	0	0	0	3	0	5000	0	0	0	0	0	0
SAOUHSC_01489	SAOUHSC_01489	YP_500007.1		0	0	0	3	0	0	0	0	0	0	0	0	0	0	3	0	0	0	0	0	0	3	0	5000
SAOUHSC_01490	SAOUHSC_01490	YP_500008.1		0	0	0	3	3	0	0	0	0	0	0	0	0	0	0	3	0	5000	0	0	0	0	0	0
SAOUHSC_01576	SAOUHSC_01576	YP_500092.1		0	0	0	2	2	0	0	0	0	0	0	0	0	0	0	2	0	5000	0	0	0	0	0	0
SAOUHSC_01577	SAOUHSC_01577	YP_500093.1		0	0	0	2	2	0	0	0	0	0	0	0	0	0	0	2	0	5000	0	0	0	0	0	0
SAOUHSC_01578	SAOUHSC_01578	YP_500094.1		0	0	0	2	2	0	0	0	0	0	0	0	0	0	0	2	0	5000	0	0	0	0	0	0
SAOUHSC_01579	SAOUHSC_01579	YP_500095.1		0	0	0	2	2	0	0	0	0	0	0	0	0	0	0	2	0	5000	0	0	0	0	0	0
SAOUHSC_01580	SAOUHSC_01580	YP_500096.1		0	0	0	2	0	0	0	0	0	0	0	0	0	0	2	0	0	0	0	0	0	2	0	5000
SAOUHSC_01582	SAOUHSC_01582	YP_500097.1		0	0	0	2	2	0	0	0	0	0	0	0	0	0	0	2	0	5000	0	0	0	0	0	0
SAOUHSC_01583	SAOUHSC_01583	YP_500098.1		0	1	1	0	0	0	0	0	0	0	0	0	1	1	0	0	0	0	2	0	2028	0	0	0
SAOUHSC_01584	SAOUHSC_01584	YP_500099.1		0	0	0	2	2	0	0	0	0	0	0	0	0	0	0	2	0	5000	0	0	0	0	0	0
SAOUHSC_01585	SAOUHSC_01585	YP_500100.1		0	0	0	2	2	0	0	0	0	0	0	0	0	0	0	2	0	5000	0	0	0	0	0	0
SAOUHSC_01586	SAOUHSC_01586	YP_500101.1		0	0	0	2	2	0	0	0	0	0	0	0	0	0	0	2	0	5000	0	0	0	0	0	0
SAOUHSC_01587	SAOUHSC_01587	YP_500102.1		0	0	0	2	2	0	0	0	0	0	0	0	0	0	0	2	0	5000	0	0	0	0	0	0
SAOUHSC_01588	SAOUHSC_01588	YP_500103.1		0	0	0	2	2	0	0	0	0	0	0	0	0	0	0	2	0	5000	0	0	0	0	0	0
SAOUHSC_01684	SAOUHSC_01684	YP_500194.1		0	0	0	1	0	0	0	0	0	0	0	0	0	0	1	0	0	0	0	0	0	1	0	5000
SAOUHSC_01685	SAOUHSC_01685	YP_500195.1		0	0	0	1	0	0	0	0	0	0	0	0	0	0	1	0	0	0	0	0	0	1	0	5000
SAOUHSC_01686	SAOUHSC_01686	YP_500196.1		0	0	0	1	0	0	0	0	0	0	0	0	0	0	1	0	0	0	0	0	0	1	0	5000
SAOUHSC_01687	SAOUHSC_01687	YP_500197.1		0	0	0	1	0	0	0	0	0	0	0	0	0	0	1	0	0	0	0	0	0	1	0	5000
SAOUHSC_01688	SAOUHSC_01688	YP_500198.1		0	0	0	1	1	0	0	0	0	0	0	0	0	0	0	1	0	5000	0	0	0	0	0	0
SAOUHSC_01691	SAOUHSC_01691	YP_500201.1		0	0	0	1	1	0	0	0	0	0	0	0	0	0	0	1	0	5000	0	0	0	0	0	0
SAOUHSC_01700	SAOUHSC_01700	YP_500210.1		0	0	0	1	0	0	0	0	0	0	0	0	0	0	1	0	0	0	0	0	0	1	0	5000
SAOUHSC_01701	SAOUHSC_01701	YP_500211.1		0	0	0	1	0	0	0	0	0	0	0	0	0	0	1	0	0	0	0	0	0	1	0	5000
SAOUHSC_01702	SAOUHSC_01702	YP_500212.1		0	0	0	1	0	0	0	0	0	0	0	0	0	0	1	0	0	0	0	0	0	1	0	5000
SAOUHSC_01704	SAOUHSC_01704	YP_500214.1		0	0	0	1	1	0	0	0	0	0	0	0	0	0	0	1	0	5000	0	0	0	0	0	0
SAOUHSC_01705	SAOUHSC_01705	YP_500215.1		0	0	0	1	0	0	0	0	0	0	0	0	0	0	1	0	0	0	0	0	0	1	0	5000
SAOUHSC_01706	SAOUHSC_01706	YP_500216.1		0	0	0	1	0	0	0	0	0	0	0	0	0	0	1	0	0	0	0	0	0	1	0	5000
SAOUHSC_01707	SAOUHSC_01707	YP_500217.1		0	0	0	1	1	0	0	0	0	0	0	0	0	0	0	1	0	5000	0	0	0	0	0	0
SAOUHSC_01708	SAOUHSC_01708	YP_500218.1		0	0	0	1	1	0	0	0	0	0	0	0	0	0	0	1	0	5000	0	0	0	0	0	0
SAOUHSC_01709	SAOUHSC_01709	YP_500219.1		0	0	0	1	1	0	0	0	0	0	0	0	0	0	0	1	0	5000	0	0	0	0	0	0
SAOUHSC_01710	SAOUHSC_01710	YP_500220.1		0	0	0	1	1	0	0	0	0	0	0	0	0	0	0	1	0	5000	0	0	0	0	0	0
SAOUHSC_01711	SAOUHSC_01711	YP_500221.1		0	0	0	1	1	0	0	0	0	0	0	0	0	0	0	1	0	5000	0	0	0	0	0	0
SAOUHSC_01712	SAOUHSC_01712	YP_500222.1		0	0	0	1	1	0	0	0	0	0	0	0	0	0	0	1	0	5000	0	0	0	0	0	0
SAOUHSC_01800	SAOUHSC_01800	YP_500304.1		0	0	0	1	0	0	0	0	0	0	0	0	0	0	1	0	0	0	0	0	0	1	0	5000
SAOUHSC_01801	SAOUHSC_01801	YP_500306.1		0	0	0	1	0	0	0	0	0	0	0	0	0	0	1	0	0	0	0	0	0	1	0	5000
SAOUHSC_01802	SAOUHSC_01802	YP_500307.1		0	0	0	1	0	0	0	0	0	0	0	0	0	0	1	0	0	0	0	0	0	1	0	5000
SAOUHSC_01803	SAOUHSC_01803	YP_500308.1		0	0	0	1	1	0	0	0	0	0	0	0	0	0	0	1	0	5000	0	0	0	0	0	0
SAOUHSC_01806	SAOUHSC_01806	YP_500311.1		0	0	0	1	1	0	0	0	0	0	0	0	0	0	0	1	0	5000	0	0	0	0	0	0
SAOUHSC_01807	SAOUHSC_01807	YP_500312.1		0	0	0	1	1	0	0	0	0	0	0	0	0	0	0	1	0	5000	0	0	0	0	0	0
SAOUHSC_01808	SAOUHSC_01808	YP_500313.1		0	0	0	1	1	0	0	0	0	0	0	0	0	0	0	1	0	5000	0	0	0	0	0	0
SAOUHSC_01809	SAOUHSC_01809	YP_500314.1		0	0	0	1	1	0	0	0	0	0	0	0	0	0	0	1	0	5000	0	0	0	0	0	0
SAOUHSC_01849	SAOUHSC_01849	YP_500353.1		0	0	0	1	1	0	0	0	0	0	0	0	0	0	0	1	0	5000	0	0	0	0	0	0
SAOUHSC_01850	SAOUHSC_01850	YP_500354.1		0	0	0	1	0	0	0	0	0	0	0	0	0	0	1	0	0	0	0	0	0	1	0	5000
SAOUHSC_01851	SAOUHSC_01851	YP_500355.1		0	0	0	1	0	0	0	0	0	0	0	0	0	0	1	0	0	0	0	0	0	1	0	5000
SAOUHSC_01852	SAOUHSC_01852	YP_500356.1		0	0	0	1	0	0	0	0	0	0	0	0	0	0	1	0	0	0	0	0	0	1	0	5000
SAOUHSC_01853	SAOUHSC_01853	YP_500357.1		0	0	0	1	0	0	0	0	0	0	0	0	0	0	1	0	0	0	0	0	0	1	0	5000
SAOUHSC_01854	SAOUHSC_01854	YP_500358.1		0	1	0	0	0	0	0	0	0	0	0	0	0	1	0	0	0	0	1	0	1518	0	0	0
SAOUHSC_01855	SAOUHSC_01855	YP_500359.1		0	0	0	1	1	0	0	0	0	0	0	0	0	0	0	1	0	5000	0	0	0	0	0	0
SAOUHSC_01857	SAOUHSC_01857	YP_500361.1		0	0	0	1	1	0	0	0	0	0	0	0	0	0	0	1	0	5000	0	0	0	0	0	0
SAOUHSC_01860	SAOUHSC_01860	YP_500364.1		0	0	0	2	0	0	0	0	0	0	0	0	0	0	2	0	0	0	0	0	0	2	0	5000
SAOUHSC_01861	SAOUHSC_01861	YP_500365.1		0	0	0	2	0	0	0	0	0	0	0	0	0	0	2	0	0	0	0	0	0	2	0	5000
SAOUHSC_01863	SAOUHSC_01863	YP_500366.1		0	0	0	2	2	0	0	0	0	0	0	0	0	0	0	2	0	5000	0	0	0	0	0	0
SAOUHSC_01864	SAOUHSC_01864	YP_500367.1		0	0	0	2	0	0	0	0	0	0	0	0	0	0	2	0	0	0	0	0	0	2	0	5000
SAOUHSC_01866	SAOUHSC_01866	YP_500369.1		0	0	0	2	0	0	0	0	0	0	0	0	0	0	2	0	0	0	0	0	0	2	0	5000
SAOUHSC_01867	SAOUHSC_01867	YP_500370.1		0	0	0	2	2	0	0	0	0	0	0	0	0	0	0	2	0	5000	0	0	0	0	0	0
SAOUHSC_01868	SAOUHSC_01868	YP_500371.1		0	0	0	2	2	0	0	0	0	0	0	0	0	0	0	2	0	5000	0	0	0	0	0	0
SAOUHSC_01869	SAOUHSC_01869	YP_500372.1		0	0	0	2	2	0	0	0	0	0	0	0	0	0	0	2	0	5000	0	0	0	0	0	0
SAOUHSC_01870	SAOUHSC_01870	YP_500373.1		0	0	0	2	2	0	0	0	0	0	0	0	0	0	0	2	0	5000	0	0	0	0	0	0
SAOUHSC_01871	SAOUHSC_01871	YP_500374.1		0	0	0	2	2	0	0	0	0	0	0	0	0	0	0	2	0	5000	0	0	0	0	0	0
SAOUHSC_01915	SAOUHSC_01915	YP_500416.1		0	0	0	1	0	0	0	0	0	0	0	0	0	0	1	0	0	0	0	0	0	1	0	5000
SAOUHSC_01916	SAOUHSC_01916	YP_500417.1		0	0	0	9	0	0	0	0	0	0	0	0	0	0	9	0	0	0	0	0	0	9	0	5000
SAOUHSC_01917	SAOUHSC_01917	YP_500418.1		0	0	0	9	0	0	0	0	0	0	0	0	0	0	9	0	0	0	0	0	0	9	0	5000
SAOUHSC_01918	SAOUHSC_01918	YP_500419.1		0	0	0	9	9	0	0	0	0	0	0	0	0	0	0	9	0	5000	0	0	0	0	0	0
SAOUHSC_01919	SAOUHSC_01919	YP_500420.1		0	0	0	9	9	0	0	0	0	0	0	0	0	0	0	9	0	5000	0	0	0	0	0	0
SAOUHSC_01920	SAOUHSC_01920	YP_500421.1		0	0	0	9	8	0	0	0	0	0	0	0	0	0	1	8	0	5000	0	0	0	1	0	5000
SAOUHSC_01921	SAOUHSC_01921	YP_500422.1		0	0	0	9	8	0	0	0	0	0	0	0	0	0	1	8	0	5000	0	0	0	1	0	5000
SAOUHSC_01922	SAOUHSC_01922	YP_500423.1		0	0	0	9	8	0	0	0	0	0	0	0	0	0	1	8	0	5000	0	0	0	1	0	5000
SAOUHSC_01923	SAOUHSC_01923	YP_500424.1		0	1	7	1	1	0	0	0	0	0	0	0	7	1	0	1	0	5000	8	0	642	0	0	0
SAOUHSC_01924	SAOUHSC_01924	YP_500425.1		0	0	0	9	9	0	0	0	0	0	0	0	0	0	0	9	0	5000	0	0	0	0	0	0
SAOUHSC_01925	SAOUHSC_01925	YP_500426.1		0	0	0	9	9	0	0	0	0	0	0	0	0	0	0	9	0	5000	0	0	0	0	0	0
SAOUHSC_01926	SAOUHSC_01926	YP_500427.1		0	0	0	9	9	0	0	0	0	0	0	0	0	0	0	9	0	5000	0	0	0	0	0	0
SAOUHSC_01928	SAOUHSC_01928	YP_500429.1		0	0	0	9	9	0	0	0	0	0	0	0	0	0	0	9	0	5000	0	0	0	0	0	0
SAOUHSC_01929	SAOUHSC_01929	YP_500430.1		0	0	0	9	0	0	0	0	0	0	0	0	0	0	9	0	0	0	0	0	0	9	0	5000
SAOUHSC_01930	SAOUHSC_01930	YP_500431.1		0	0	0	8	8	0	0	0	0	0	0	0	0	0	0	8	0	5000	0	0	0	0	0	0
SAOUHSC_01931	SAOUHSC_01931	YP_500432.1		0	0	0	8	8	0	0	0	0	0	0	0	0	0	0	8	0	5000	0	0	0	0	0	0
SAOUHSC_01954	SAOUHSC_01954	YP_500453.1		0	0	0	2	0	0	0	0	0	0	0	0	0	0	2	0	0	0	0	0	0	2	0	5000
SAOUHSC_01955	SAOUHSC_01955	YP_500454.1		0	0	0	2	0	0	0	0	0	0	0	0	0	0	2	0	0	0	0	0	0	2	0	5000
SAOUHSC_01956	SAOUHSC_01956	YP_500455.1		0	0	0	2	2	0	0	0	0	0	0	0	0	0	0	2	0	5000	0	0	0	0	0	0
SAOUHSC_01957	SAOUHSC_01957	YP_500456.1		0	0	0	2	2	0	0	0	0	0	0	0	0	0	0	2	0	5000	0	0	0	0	0	0
SAOUHSC_01958	SAOUHSC_01958	YP_500457.1		0	0	0	2	2	0	0	0	0	0	0	0	0	0	0	2	0	5000	0	0	0	0	0	0
SAOUHSC_01960	SAOUHSC_01960	YP_500459.1		0	0	0	2	2	0	0	0	0	0	0	0	0	0	0	2	0	5000	0	0	0	0	0	0
SAOUHSC_02169	SAOUHSC_02169	YP_500656.1		0	0	0	4	4	0	0	0	0	0	0	0	0	0	0	4	0	5000	0	0	0	0	0	0
SAOUHSC_02170	SAOUHSC_02170	YP_500657.1		0	0	0	4	0	0	0	0	0	0	0	0	0	0	4	0	0	0	0	0	0	4	0	5000
SAOUHSC_02171	SAOUHSC_02171	YP_500658.1		0	0	0	4	0	0	0	0	0	0	0	0	0	0	4	0	0	0	0	0	0	4	0	5000
SAOUHSC_02173	SAOUHSC_02173	YP_500659.1		0	0	0	4	0	0	0	0	0	0	0	0	0	0	4	0	0	0	0	0	0	4	0	5000
SAOUHSC_02174	SAOUHSC_02174	YP_500660.1		0	0	0	4	0	0	0	0	0	0	0	0	0	0	4	0	0	0	0	0	0	4	0	5000
SAOUHSC_02175	SAOUHSC_02175	YP_500661.1		0	0	0	4	4	0	0	0	0	0	0	0	0	0	0	4	0	5000	0	0	0	0	0	0
SAOUHSC_02176	SAOUHSC_02176	YP_500662.1		0	0	0	4	0	0	0	0	0	0	0	0	0	0	4	0	0	0	0	0	0	4	0	5000
SAOUHSC_02177	SAOUHSC_02177	YP_500663.1		0	0	0	4	0	0	0	0	0	0	0	0	0	0	4	0	0	0	0	0	0	4	0	5000
SAOUHSC_02178	SAOUHSC_02178	YP_500664.1		0	3	1	0	0	0	0	0	0	0	0	0	1	3	0	0	0	0	4	0	288	0	0	0
SAOUHSC_02179	SAOUHSC_02179	YP_500665.1		0	0	0	4	4	0	0	0	0	0	0	0	0	0	0	4	0	5000	0	0	0	0	0	0
SAOUHSC_02180	SAOUHSC_02180	YP_500666.1		0	0	0	6	4	0	0	0	0	0	0	0	0	0	2	4	0	5000	0	0	0	2	0	5000
SAOUHSC_02181	SAOUHSC_02181	YP_500667.1		0	0	0	6	4	0	0	0	0	0	0	0	0	0	2	4	0	5000	0	0	0	2	0	5000
SAOUHSC_02182	SAOUHSC_02182	YP_500668.1		0	1	1	0	0	0	0	0	0	0	0	0	1	1	0	0	0	0	2	0	4653	0	0	0
SAOUHSC_02183	SAOUHSC_02183	YP_500669.1		0	0	0	2	2	0	0	0	0	0	0	0	0	0	0	2	0	5000	0	0	0	0	0	0
SAOUHSC_02184	SAOUHSC_02184	YP_500670.1		0	0	0	2	2	0	0	0	0	0	0	0	0	0	0	2	0	5000	0	0	0	0	0	0
SAOUHSC_02185	SAOUHSC_02185	YP_500671.1		0	0	0	2	2	0	0	0	0	0	0	0	0	0	0	2	0	5000	0	0	0	0	0	0
SAOUHSC_02186	SAOUHSC_02186	YP_500672.1		0	0	0	2	2	0	0	0	0	0	0	0	0	0	0	2	0	5000	0	0	0	0	0	0
SAOUHSC_02187	SAOUHSC_02187	YP_500673.1		0	0	0	2	2	0	0	0	0	0	0	0	0	0	0	2	0	5000	0	0	0	0	0	0
SAOUHSC_02188	SAOUHSC_02188	YP_500674.1		0	0	0	2	2	0	0	0	0	0	0	0	0	0	0	2	0	5000	0	0	0	0	0	0
SAOUHSC_02194	SAOUHSC_02194	YP_500679.1		0	0	0	2	0	0	0	0	0	0	0	0	0	0	2	0	0	0	0	0	0	2	0	5000
SAOUHSC_02195	SAOUHSC_02195	YP_500680.1		0	0	0	2	0	0	0	0	0	0	0	0	0	0	2	0	0	0	0	0	0	2	0	5000
SAOUHSC_02196	SAOUHSC_02196	YP_500681.1		0	0	0	2	0	0	0	0	0	0	0	0	0	0	2	0	0	0	0	0	0	2	0	5000
SAOUHSC_02197	SAOUHSC_02197	YP_500682.1		0	0	0	2	0	0	0	0	0	0	0	0	0	0	2	0	0	0	0	0	0	2	0	5000
SAOUHSC_02198	SAOUHSC_02198	YP_500683.1		0	0	0	2	0	0	0	0	0	0	0	0	0	0	2	0	0	0	0	0	0	2	0	5000
SAOUHSC_02199	SAOUHSC_02199	YP_500684.1		0	0	0	2	0	0	0	0	0	0	0	0	0	0	2	0	0	0	0	0	0	2	0	5000
SAOUHSC_02200	SAOUHSC_02200	YP_500685.1		0	0	0	2	0	0	0	0	0	0	0	0	0	0	2	0	0	0	0	0	0	2	0	5000
SAOUHSC_02202	SAOUHSC_02202	YP_500687.1		0	0	0	2	0	0	0	0	0	0	0	0	0	0	2	0	0	0	0	0	0	2	0	5000
SAOUHSC_02203	SAOUHSC_02203	YP_500688.1		1	1	0	1	0	0	1	0	0	0	0	0	0	1	1	0	0	0	2	0	207	1	0	5000
SAOUHSC_02204	SAOUHSC_02204	YP_500689.1		1	0	0	3	2	1	0	0	0	0	0	0	0	0	1	2	0	5000	1	0	174	1	0	5000
SAOUHSC_02205	SAOUHSC_02205	YP_500690.1		1	0	0	3	2	1	0	0	0	0	0	0	0	0	1	2	0	5000	1	0	537	1	0	5000
SAOUHSC_02206	SAOUHSC_02206	YP_500691.1		1	0	0	3	2	1	0	0	0	0	0	0	0	0	1	2	0	5000	1	0	195	1	0	5000
SAOUHSC_02207	SAOUHSC_02207	YP_500692.1		1	0	0	3	2	1	0	0	0	0	0	0	0	0	1	2	0	5000	1	0	255	1	0	5000
SAOUHSC_02208	SAOUHSC_02208	YP_500693.1		1	0	0	3	2	1	0	0	0	0	0	0	0	0	1	2	0	5000	1	0	390	1	0	5000
SAOUHSC_02209	SAOUHSC_02209	YP_500694.1		1	0	0	3	2	1	0	0	0	0	0	0	0	0	1	2	0	5000	1	0	348	1	0	5000
SAOUHSC_02210	SAOUHSC_02210	YP_500695.1		1	0	0	3	2	1	0	0	0	0	0	0	0	0	1	2	0	5000	1	0	249	1	0	5000
SAOUHSC_02211	SAOUHSC_02211	YP_500696.1		1	0	0	2	2	0	0	0	1	0	0	0	0	0	0	2	0	5000	1	0	372	0	0	0
SAOUHSC_02212	SAOUHSC_02212	YP_500697.1		0	0	0	2	2	0	0	0	0	0	0	0	0	0	0	2	0	5000	0	0	0	0	0	0
SAOUHSC_02213	SAOUHSC_02213	YP_500698.1		0	0	0	2	2	0	0	0	0	0	0	0	0	0	0	2	0	5000	0	0	0	0	0	0
SAOUHSC_02214	SAOUHSC_02214	YP_500699.1		0	0	0	2	2	0	0	0	0	0	0	0	0	0	0	2	0	5000	0	0	0	0	0	0
SAOUHSC_02215	SAOUHSC_02215	YP_500700.1		0	0	0	2	2	0	0	0	0	0	0	0	0	0	0	2	0	5000	0	0	0	0	0	0
SAOUHSC_02216	SAOUHSC_02216	YP_500701.1		0	0	0	2	2	0	0	0	0	0	0	0	0	0	0	2	0	5000	0	0	0	0	0	0
SAOUHSC_02217	SAOUHSC_02217	YP_500702.1		0	0	0	2	2	0	0	0	0	0	0	0	0	0	0	2	0	5000	0	0	0	0	0	0
SAOUHSC_02218	SAOUHSC_02218	YP_500703.1		0	0	0	1	0	0	0	0	0	0	0	0	0	0	1	0	0	0	0	0	0	1	0	5000
SAOUHSC_02219	SAOUHSC_02219	YP_500704.1		0	0	0	1	1	0	0	0	0	0	0	0	0	0	0	1	0	5000	0	0	0	0	0	0
SAOUHSC_02220	SAOUHSC_02220	YP_500705.1		0	0	0	1	1	0	0	0	0	0	0	0	0	0	0	1	0	5000	0	0	0	0	0	0
SAOUHSC_02221	SAOUHSC_02221	YP_500706.1		0	0	0	1	1	0	0	0	0	0	0	0	0	0	0	1	0	5000	0	0	0	0	0	0
SAOUHSC_02235	SAOUHSC_02235	YP_500719.1		0	0	0	1	1	0	0	0	0	0	0	0	0	0	0	1	0	5000	0	0	0	0	0	0
SAOUHSC_02236	SAOUHSC_02236	YP_500720.1		0	0	0	1	1	0	0	0	0	0	0	0	0	0	0	1	0	5000	0	0	0	0	0	0
SAOUHSC_02237	SAOUHSC_02237	YP_500721.1		0	0	0	1	1	0	0	0	0	0	0	0	0	0	0	1	0	5000	0	0	0	0	0	0
SAOUHSC_02238	SAOUHSC_02238	YP_500722.1		0	0	0	1	0	0	0	0	0	0	0	0	0	0	1	0	0	0	0	0	0	1	0	5000
SAOUHSC_02239	SAOUHSC_02239	YP_500723.1		0	0	0	1	1	0	0	0	0	0	0	0	0	0	0	1	0	5000	0	0	0	0	0	0
SAOUHSC_02241	SAOUHSC_02241	YP_500725.1		0	0	0	1	0	0	0	0	0	0	0	0	0	0	1	0	0	0	0	0	0	1	0	5000
SAOUHSC_02243	SAOUHSC_02243	YP_500726.1		0	0	1	0	0	0	0	0	0	1	0	0	0	0	0	0	0	0	1	0	1056	0	0	0
SAOUHSC_02244	SAOUHSC_02244	YP_500727.1		0	0	0	1	0	0	0	0	0	0	0	0	0	0	1	0	0	0	0	0	0	1	0	5000
SAOUHSC_02245	SAOUHSC_02245	YP_500728.1		0	0	0	1	1	0	0	0	0	0	0	0	0	0	0	1	0	5000	0	0	0	0	0	0
SAOUHSC_02246	SAOUHSC_02246	YP_500729.1		0	0	0	1	1	0	0	0	0	0	0	0	0	0	0	1	0	5000	0	0	0	0	0	0
SAOUHSC_02312	SAOUHSC_02312	YP_500791.1		0	0	0	1	0	0	0	0	0	0	0	0	0	0	1	0	0	0	0	0	0	1	0	5000
SAOUHSC_02313	SAOUHSC_02313	YP_500792.1		0	0	0	1	0	0	0	0	0	0	0	0	0	0	1	0	0	0	0	0	0	1	0	5000
SAOUHSC_02314	SAOUHSC_02314	YP_500793.1		0	0	0	1	1	0	0	0	0	0	0	0	0	0	0	1	0	5000	0	0	0	0	0	0
SAOUHSC_02315	SAOUHSC_02315	YP_500794.1		0	0	0	1	1	0	0	0	0	0	0	0	0	0	0	1	0	5000	0	0	0	0	0	0
SAOUHSC_02316	SAOUHSC_02316	YP_500795.1		0	0	0	1	1	0	0	0	0	0	0	0	0	0	0	1	0	5000	0	0	0	0	0	0
SAOUHSC_02317	SAOUHSC_02317	YP_500796.1		0	0	0	1	1	0	0	0	0	0	0	0	0	0	0	1	0	5000	0	0	0	0	0	0
SAOUHSC_02404	SAOUHSC_02404	YP_500880.1		0	0	1	0	0	0	0	0	0	1	0	0	0	0	0	0	0	0	1	0	7437	0	0	0
SAOUHSC_02406	SAOUHSC_02406	YP_500882.1		0	0	0	1	1	0	0	0	0	0	0	0	0	0	0	1	0	5000	0	0	0	0	0	0
SAOUHSC_02407	SAOUHSC_02407	YP_500883.1		0	0	0	1	1	0	0	0	0	0	0	0	0	0	0	1	0	5000	0	0	0	0	0	0
SAOUHSC_02409	SAOUHSC_02409	YP_500884.1		0	0	0	1	1	0	0	0	0	0	0	0	0	0	0	1	0	5000	0	0	0	0	0	0
SAOUHSC_02441	SAOUHSC_02441	YP_500909.1		0	0	0	1	0	0	0	0	0	0	0	0	0	0	1	0	0	0	0	0	0	1	0	5000
SAOUHSC_02442	SAOUHSC_02442	YP_500910.1		0	0	0	1	0	0	0	0	0	0	0	0	0	0	1	0	0	0	0	0	0	1	0	5000
SAOUHSC_02443	SAOUHSC_02443	YP_500911.1		0	0	0	1	0	0	0	0	0	0	0	0	0	0	1	0	0	0	0	0	0	1	0	5000
SAOUHSC_02444	SAOUHSC_02444	YP_500912.1		0	0	0	1	0	0	0	0	0	0	0	0	0	0	1	0	0	0	0	0	0	1	0	5000
SAOUHSC_02445	SAOUHSC_02445	YP_500913.1		0	0	1	0	0	0	0	0	0	0	0	0	1	0	0	0	0	0	1	0	1002	0	0	0
SAOUHSC_02447	SAOUHSC_02447	YP_500914.1		0	0	0	1	1	0	0	0	0	0	0	0	0	0	0	1	0	5000	0	0	0	0	0	0
SAOUHSC_02448	SAOUHSC_02448	YP_500915.1		0	0	0	1	1	0	0	0	0	0	0	0	0	0	0	1	0	5000	0	0	0	0	0	0
SAOUHSC_02449	SAOUHSC_02449	YP_500916.1		0	0	0	1	1	0	0	0	0	0	0	0	0	0	0	1	0	5000	0	0	0	0	0	0
SAOUHSC_02450	SAOUHSC_02450	YP_500917.1		0	0	0	1	1	0	0	0	0	0	0	0	0	0	0	1	0	5000	0	0	0	0	0	0
SAOUHSC_02463	SAOUHSC_02463	YP_500931.1		0	0	0	2	2	0	0	0	0	0	0	0	0	0	0	2	0	5000	0	0	0	0	0	0
SAOUHSC_02464	SAOUHSC_02464	YP_500932.1		0	0	0	2	0	0	0	0	0	0	0	0	0	0	2	0	0	0	0	0	0	2	0	5000
SAOUHSC_02465	SAOUHSC_02465	YP_500933.1		0	0	0	2	0	0	0	0	0	0	0	0	0	0	2	0	0	0	0	0	0	2	0	5000
SAOUHSC_02467	SAOUHSC_02467	YP_500935.1		0	0	2	0	0	0	0	0	0	0	0	0	2	0	0	0	0	0	2	0	705	0	0	0
SAOUHSC_02468	SAOUHSC_02468	YP_500936.1		0	0	0	2	2	0	0	0	0	0	0	0	0	0	0	2	0	5000	0	0	0	0	0	0
SAOUHSC_02469	SAOUHSC_02469	YP_500937.1		0	0	0	2	0	0	0	0	0	0	0	0	0	0	2	0	0	0	0	0	0	2	0	5000
SAOUHSC_02470	SAOUHSC_02470	YP_500938.1		0	0	0	2	2	0	0	0	0	0	0	0	0	0	0	2	0	5000	0	0	0	0	0	0
SAOUHSC_02471	SAOUHSC_02471	YP_500939.1		0	0	0	2	2	0	0	0	0	0	0	0	0	0	0	2	0	5000	0	0	0	0	0	0
SAOUHSC_02565	SAOUHSC_02565	YP_501026.1		0	0	0	1	1	0	0	0	0	0	0	0	0	0	0	1	0	5000	0	0	0	0	0	0
SAOUHSC_02566	SAOUHSC_02566	YP_501027.1		0	0	0	1	0	0	0	0	0	0	0	0	0	0	1	0	0	0	0	0	0	1	0	5000
SAOUHSC_02568	SAOUHSC_02568	YP_501029.1		0	0	0	1	0	0	0	0	0	0	0	0	0	0	1	0	0	0	0	0	0	1	0	5000
SAOUHSC_02569	SAOUHSC_02569	YP_501030.1		0	0	0	1	0	0	0	0	0	0	0	0	0	0	1	0	0	0	0	0	0	1	0	5000
SAOUHSC_02570	SAOUHSC_02570	YP_501031.1		0	0	0	1	0	0	0	0	0	0	0	0	0	0	1	0	0	0	0	0	0	1	0	5000
SAOUHSC_02571	SAOUHSC_02571	YP_501032.1		0	0	1	0	0	0	0	0	0	0	1	0	0	0	0	0	0	0	1	0	804	0	0	0
SAOUHSC_02572	SAOUHSC_02572	YP_501033.1		0	0	0	1	1	0	0	0	0	0	0	0	0	0	0	1	0	5000	0	0	0	0	0	0
SAOUHSC_02573	SAOUHSC_02573	YP_501034.1		0	0	0	1	1	0	0	0	0	0	0	0	0	0	0	1	0	5000	0	0	0	0	0	0
SAOUHSC_02574	SAOUHSC_02574	YP_501035.1		0	0	0	1	1	0	0	0	0	0	0	0	0	0	0	1	0	5000	0	0	0	0	0	0
SAOUHSC_02575	SAOUHSC_02575	YP_501036.1		0	0	0	1	0	0	0	0	0	0	0	0	0	0	1	0	0	0	0	0	0	1	0	5000
SAOUHSC_02576	SAOUHSC_02576	YP_501037.1		0	0	0	1	0	0	0	0	0	0	0	0	0	0	1	0	0	0	0	0	0	1	0	5000
SAOUHSC_02667	SAOUHSC_02667	YP_501129.1		0	0	0	1	0	0	0	0	0	0	0	0	0	0	1	0	0	0	0	0	0	1	0	5000
SAOUHSC_02668	SAOUHSC_02668	YP_501130.1		0	0	0	1	0	0	0	0	0	0	0	0	0	0	1	0	0	0	0	0	0	1	0	5000
SAOUHSC_02669	SAOUHSC_02669	YP_501131.1		0	0	0	1	1	0	0	0	0	0	0	0	0	0	0	1	0	5000	0	0	0	0	0	0
SAOUHSC_02670	SAOUHSC_02670	YP_501132.1		0	0	0	1	1	0	0	0	0	0	0	0	0	0	0	1	0	5000	0	0	0	0	0	0
SAOUHSC_02671	SAOUHSC_02671	YP_501133.1		0	0	0	1	0	0	0	0	0	0	0	0	0	0	1	0	0	0	0	0	0	1	0	5000
SAOUHSC_02674	SAOUHSC_02674	YP_501136.1		0	0	0	1	0	0	0	0	0	0	0	0	0	0	1	0	0	0	0	0	0	1	0	5000
SAOUHSC_02675	SAOUHSC_02675	YP_501137.1		0	0	0	1	1	0	0	0	0	0	0	0	0	0	0	1	0	5000	0	0	0	0	0	0
SAOUHSC_02676	SAOUHSC_02676	YP_501138.1		0	0	0	1	1	0	0	0	0	0	0	0	0	0	0	1	0	5000	0	0	0	0	0	0
SAOUHSC_02677	SAOUHSC_02677	YP_501139.1		0	0	0	1	1	0	0	0	0	0	0	0	0	0	0	1	0	5000	0	0	0	0	0	0
SAOUHSC_02678	SAOUHSC_02678	YP_501140.1		0	0	0	1	1	0	0	0	0	0	0	0	0	0	0	1	0	5000	0	0	0	0	0	0
SAOUHSC_02679	SAOUHSC_02679	YP_501141.1		0	0	0	1	1	0	0	0	0	0	0	0	0	0	0	1	0	5000	0	0	0	0	0	0
SAOUHSC_02680	SAOUHSC_02680	YP_501142.1		0	0	0	1	0	0	0	0	0	0	0	0	0	0	1	0	0	0	0	0	0	1	0	5000
SAOUHSC_02681	SAOUHSC_02681	YP_501143.1		0	0	0	1	0	0	0	0	0	0	0	0	0	0	1	0	0	0	0	0	0	1	0	5000
SAOUHSC_02682	SAOUHSC_02682	YP_501144.1		0	0	1	1	0	0	0	0	0	0	0	0	1	0	1	0	0	0	1	0	978	1	0	5000
SAOUHSC_02683	SAOUHSC_02683	YP_501145.1		0	0	0	2	1	0	0	0	0	0	0	0	0	0	1	1	0	5000	0	0	0	1	0	5000
SAOUHSC_02684	SAOUHSC_02684	YP_501146.1		0	0	0	2	1	0	0	0	0	0	0	0	0	0	1	1	0	5000	0	0	0	1	0	5000
SAOUHSC_02685	SAOUHSC_02685	YP_501147.1		0	0	0	2	1	0	0	0	0	0	0	0	0	0	1	1	0	5000	0	0	0	1	0	5000
SAOUHSC_02686	SAOUHSC_02686	YP_501148.1		1	0	0	1	1	0	0	1	0	0	0	0	0	0	0	1	0	5000	1	0	537	0	0	0
SAOUHSC_02687	SAOUHSC_02687	YP_501149.1		0	0	0	1	1	0	0	0	0	0	0	0	0	0	0	1	0	5000	0	0	0	0	0	0
SAOUHSC_02688	SAOUHSC_02688	YP_501150.1		0	0	0	1	1	0	0	0	0	0	0	0	0	0	0	1	0	5000	0	0	0	0	0	0
SAOUHSC_02689	SAOUHSC_02689	YP_501151.1		0	0	0	1	1	0	0	0	0	0	0	0	0	0	0	1	0	5000	0	0	0	0	0	0
SAOUHSC_02690	SAOUHSC_02690	YP_501152.1		0	0	0	1	1	0	0	0	0	0	0	0	0	0	0	1	0	5000	0	0	0	0	0	0
SAOUHSC_02691	SAOUHSC_02691	YP_501153.1		0	0	0	1	1	0	0	0	0	0	0	0	0	0	0	1	0	5000	0	0	0	0	0	0
SAOUHSC_02692	SAOUHSC_02692	YP_501154.1		0	0	0	1	1	0	0	0	0	0	0	0	0	0	0	1	0	5000	0	0	0	0	0	0
SAOUHSC_02693	SAOUHSC_02693	YP_501155.1		0	0	0	1	1	0	0	0	0	0	0	0	0	0	0	1	0	5000	0	0	0	0	0	0
SAOUHSC_02694	SAOUHSC_02694	YP_501156.1		0	0	0	1	1	0	0	0	0	0	0	0	0	0	0	1	0	5000	0	0	0	0	0	0
SAOUHSC_02700	SAOUHSC_02700	YP_501162.1		0	0	0	2	0	0	0	0	0	0	0	0	0	0	2	0	0	0	0	0	0	2	0	5000
SAOUHSC_02701	SAOUHSC_02701	YP_501163.1		0	0	0	2	0	0	0	0	0	0	0	0	0	0	2	0	0	0	0	0	0	2	0	5000
SAOUHSC_02702	SAOUHSC_02702	YP_501164.1		0	0	0	2	2	0	0	0	0	0	0	0	0	0	0	2	0	5000	0	0	0	0	0	0
SAOUHSC_02704	SAOUHSC_02704	YP_501166.1		0	0	0	2	0	0	0	0	0	0	0	0	0	0	2	0	0	0	0	0	0	2	0	5000
SAOUHSC_02705	SAOUHSC_02705	YP_501167.1		0	0	0	2	0	0	0	0	0	0	0	0	0	0	2	0	0	0	0	0	0	2	0	5000
SAOUHSC_02706	SAOUHSC_02706	YP_501168.1		0	0	2	0	0	0	0	0	0	0	0	0	2	0	0	0	0	0	2	0	1311	0	0	0
SAOUHSC_02708	SAOUHSC_02708	YP_501170.1		0	0	0	2	0	0	0	0	0	0	0	0	0	0	2	0	0	0	0	0	0	2	0	5000
SAOUHSC_02709	SAOUHSC_02709	YP_501171.1		0	0	0	2	0	0	0	0	0	0	0	0	0	0	2	0	0	0	0	0	0	2	0	5000
SAOUHSC_02710	SAOUHSC_02710	YP_501172.1		0	0	0	2	0	0	0	0	0	0	0	0	0	0	2	0	0	0	0	0	0	2	0	5000
SAOUHSC_02711	SAOUHSC_02711	YP_501173.1		0	0	0	2	2	0	0	0	0	0	0	0	0	0	0	2	0	5000	0	0	0	0	0	0
SAOUHSC_02712	SAOUHSC_02712	YP_501174.1		0	0	0	2	2	0	0	0	0	0	0	0	0	0	0	2	0	5000	0	0	0	0	0	0
SAOUHSC_02715	SAOUHSC_02715	YP_501177.1		0	0	0	1	0	0	0	0	0	0	0	0	0	0	1	0	0	0	0	0	0	1	0	5000
SAOUHSC_02716	SAOUHSC_02716	YP_501178.1		0	0	0	1	0	0	0	0	0	0	0	0	0	0	1	0	0	0	0	0	0	1	0	5000
SAOUHSC_02717	SAOUHSC_02717	YP_501180.1		0	0	0	1	0	0	0	0	0	0	0	0	0	0	1	0	0	0	0	0	0	1	0	5000
SAOUHSC_02718	SAOUHSC_02718	YP_501181.1		0	0	0	1	0	0	0	0	0	0	0	0	0	0	1	0	0	0	0	0	0	1	0	5000
SAOUHSC_02719	SAOUHSC_02719	YP_501182.1		0	0	0	1	0	0	0	0	0	0	0	0	0	0	1	0	0	0	0	0	0	1	0	5000
SAOUHSC_02720	SAOUHSC_02720	YP_501183.1		0	0	0	1	1	0	0	0	0	0	0	0	0	0	0	1	0	5000	0	0	0	0	0	0
SAOUHSC_02721	SAOUHSC_02721	YP_501184.1		0	0	0	1	1	0	0	0	0	0	0	0	0	0	0	1	0	5000	0	0	0	0	0	0
SAOUHSC_02722	SAOUHSC_02722	YP_501185.1		0	0	0	1	1	0	0	0	0	0	0	0	0	0	0	1	0	5000	0	0	0	0	0	0
SAOUHSC_02723	SAOUHSC_02723	YP_501186.1		0	0	0	1	0	0	0	0	0	0	0	0	0	0	1	0	0	0	0	0	0	1	0	5000
SAOUHSC_02724	SAOUHSC_02724	YP_501187.1		0	0	0	1	0	0	0	0	0	0	0	0	0	0	1	0	0	0	0	0	0	1	0	5000
SAOUHSC_02725	SAOUHSC_02725	YP_501188.1		0	0	0	1	0	0	0	0	0	0	0	0	0	0	1	0	0	0	0	0	0	1	0	5000
SAOUHSC_02726	SAOUHSC_02726	YP_501189.1		0	0	0	1	1	0	0	0	0	0	0	0	0	0	0	1	0	5000	0	0	0	0	0	0
SAOUHSC_02743	SAOUHSC_02743	YP_501204.1		0	0	0	1	0	0	0	0	0	0	0	0	0	0	1	0	0	0	0	0	0	1	0	5000
SAOUHSC_02744	SAOUHSC_02744	YP_501205.1		0	0	0	1	0	0	0	0	0	0	0	0	0	0	1	0	0	0	0	0	0	1	0	5000
SAOUHSC_02745	SAOUHSC_02745	YP_501206.1		0	0	0	1	0	0	0	0	0	0	0	0	0	0	1	0	0	0	0	0	0	1	0	5000
SAOUHSC_02746	SAOUHSC_02746	YP_501207.1		0	0	0	1	0	0	0	0	0	0	0	0	0	0	1	0	0	0	0	0	0	1	0	5000
SAOUHSC_02747	SAOUHSC_02747	YP_501208.1		0	0	0	1	0	0	0	0	0	0	0	0	0	0	1	0	0	0	0	0	0	1	0	5000
SAOUHSC_02750	SAOUHSC_02750	YP_501209.1		0	0	0	1	1	0	0	0	0	0	0	0	0	0	0	1	0	5000	0	0	0	0	0	0
SAOUHSC_02751	SAOUHSC_02751	YP_501210.1		0	0	0	1	0	0	0	0	0	0	0	0	0	0	1	0	0	0	0	0	0	1	0	5000
SAOUHSC_02752	SAOUHSC_02752	YP_501211.1		0	0	0	1	1	0	0	0	0	0	0	0	0	0	0	1	0	5000	0	0	0	0	0	0
SAOUHSC_02753	SAOUHSC_02753	YP_501212.1		0	0	0	1	1	0	0	0	0	0	0	0	0	0	0	1	0	5000	0	0	0	0	0	0
SAOUHSC_02754	SAOUHSC_02754	YP_501213.1		0	0	0	1	1	0	0	0	0	0	0	0	0	0	0	1	0	5000	0	0	0	0	0	0
SAOUHSC_02755	SAOUHSC_02755	YP_501214.1		0	0	0	1	1	0	0	0	0	0	0	0	0	0	0	1	0	5000	0	0	0	0	0	0
SAOUHSC_02774	SAOUHSC_02774	YP_501233.1		0	0	0	1	0	0	0	0	0	0	0	0	0	0	1	0	0	0	0	0	0	1	0	5000
SAOUHSC_02775	SAOUHSC_02775	YP_501234.1		0	0	0	1	0	0	0	0	0	0	0	0	0	0	1	0	0	0	0	0	0	1	0	5000
SAOUHSC_02776	SAOUHSC_02776	YP_501235.1		0	0	0	1	0	0	0	0	0	0	0	0	0	0	1	0	0	0	0	0	0	1	0	5000
SAOUHSC_02777	SAOUHSC_02777	YP_501237.1		0	0	0	1	0	0	0	0	0	0	0	0	0	0	1	0	0	0	0	0	0	1	0	5000
SAOUHSC_02778	SAOUHSC_02778	YP_501238.1		0	0	0	1	0	0	0	0	0	0	0	0	0	0	1	0	0	0	0	0	0	1	0	5000
SAOUHSC_02779	SAOUHSC_02779	YP_501239.1		0	0	0	1	1	0	0	0	0	0	0	0	0	0	0	1	0	5000	0	0	0	0	0	0
SAOUHSC_02780	SAOUHSC_02780	YP_501240.1		0	0	0	1	1	0	0	0	0	0	0	0	0	0	0	1	0	5000	0	0	0	0	0	0
SAOUHSC_02781	SAOUHSC_02781	YP_501241.1		0	0	0	1	0	0	0	0	0	0	0	0	0	0	1	0	0	0	0	0	0	1	0	5000
SAOUHSC_02782	SAOUHSC_02782	YP_501242.1		0	0	0	3	3	0	0	0	0	0	0	0	0	0	0	3	0	5000	0	0	0	0	0	0
SAOUHSC_02783	SAOUHSC_02783	YP_501243.1		0	1	0	2	0	0	0	0	0	0	0	0	0	1	2	0	0	0	1	0	795	2	0	5000
SAOUHSC_02784	SAOUHSC_02784	YP_501244.1		0	0	0	3	1	0	0	0	0	0	0	0	0	0	2	1	0	5000	0	0	0	2	0	5000
SAOUHSC_02785	SAOUHSC_02785	YP_501245.1		0	0	0	3	1	0	0	0	0	0	0	0	0	0	2	1	0	5000	0	0	0	2	0	5000
SAOUHSC_02788	SAOUHSC_02788	YP_501248.1		0	0	0	3	1	0	0	0	0	0	0	0	0	0	2	1	0	5000	0	0	0	2	0	5000
SAOUHSC_02789	SAOUHSC_02789	YP_501249.1		0	0	2	1	1	0	0	0	0	0	0	0	2	0	0	1	0	5000	2	0	702	0	0	0
SAOUHSC_02790	SAOUHSC_02790	YP_501250.1		0	0	0	5	3	0	0	0	0	0	0	0	0	0	2	3	0	5000	0	0	0	2	0	5000
SAOUHSC_02791	SAOUHSC_02791	YP_501251.1		0	0	0	4	2	0	0	0	0	0	0	0	0	0	2	2	0	5000	0	0	0	2	0	5000
SAOUHSC_02793	SAOUHSC_02793	YP_501252.1		0	0	2	2	0	0	0	0	0	0	0	0	2	0	2	0	0	0	2	0	1809	2	0	5000
SAOUHSC_02794	SAOUHSC_02794	YP_501253.1		0	0	0	2	0	0	0	0	0	0	0	0	0	0	2	0	0	0	0	0	0	2	0	5000
SAOUHSC_02795	SAOUHSC_02795	YP_501254.1		0	0	0	2	0	0	0	0	0	0	0	0	0	0	2	0	0	0	0	0	0	2	0	5000
SAOUHSC_02796	SAOUHSC_02796	YP_501255.1		0	0	0	2	2	0	0	0	0	0	0	0	0	0	0	2	0	5000	0	0	0	0	0	0
SAOUHSC_02797	SAOUHSC_02797	YP_501256.1		0	0	0	2	2	0	0	0	0	0	0	0	0	0	0	2	0	5000	0	0	0	0	0	0
SAOUHSC_02798	SAOUHSC_02798	YP_501257.1		0	0	0	2	2	0	0	0	0	0	0	0	0	0	0	2	0	5000	0	0	0	0	0	0
SAOUHSC_02799	SAOUHSC_02799	YP_501258.1		0	0	0	1	0	0	0	0	0	0	0	0	0	0	1	0	0	0	0	0	0	1	0	5000
SAOUHSC_02800	SAOUHSC_02800	YP_501259.1		0	0	0	1	1	0	0	0	0	0	0	0	0	0	0	1	0	5000	0	0	0	0	0	0
SAOUHSC_02801	SAOUHSC_02801	YP_501260.1		0	0	0	1	0	0	0	0	0	0	0	0	0	0	1	0	0	0	0	0	0	1	0	5000
SAOUHSC_02802	SAOUHSC_02802	YP_501261.1		1	0	0	0	0	0	0	1	0	0	0	0	0	0	0	0	0	0	1	0	2754	0	0	0
SAOUHSC_02803	SAOUHSC_02803	YP_501262.1		0	0	0	1	1	0	0	0	0	0	0	0	0	0	0	1	0	5000	0	0	0	0	0	0
SAOUHSC_02804	SAOUHSC_02804	YP_501263.1		0	0	0	1	1	0	0	0	0	0	0	0	0	0	0	1	0	5000	0	0	0	0	0	0
SAOUHSC_02805	SAOUHSC_02805	YP_501264.1		0	0	0	1	1	0	0	0	0	0	0	0	0	0	0	1	0	5000	0	0	0	0	0	0
SAOUHSC_02806	SAOUHSC_02806	YP_501265.1		0	0	0	1	1	0	0	0	0	0	0	0	0	0	0	1	0	5000	0	0	0	0	0	0
SAOUHSC_02812	SAOUHSC_02812	YP_501270.1		0	0	0	2	0	0	0	0	0	0	0	0	0	0	2	0	0	0	0	0	0	2	0	5000
SAOUHSC_02815	SAOUHSC_02815	YP_501273.1		0	0	0	2	0	0	0	0	0	0	0	0	0	0	2	0	0	0	0	0	0	2	0	5000
SAOUHSC_02816	SAOUHSC_02816	YP_501274.1		0	0	0	2	2	0	0	0	0	0	0	0	0	0	0	2	0	5000	0	0	0	0	0	0
SAOUHSC_02817	SAOUHSC_02817	YP_501275.1		1	0	1	0	0	0	1	0	0	0	0	0	1	0	0	0	0	0	2	0	99	0	0	0
SAOUHSC_02818	SAOUHSC_02818	YP_501276.1		0	0	0	2	2	0	0	0	0	0	0	0	0	0	0	2	0	5000	0	0	0	0	0	0
SAOUHSC_02819	SAOUHSC_02819	YP_501277.1		0	0	0	2	2	0	0	0	0	0	0	0	0	0	0	2	0	5000	0	0	0	0	0	0
SAOUHSC_02820	SAOUHSC_02820	YP_501278.1		0	0	0	2	0	0	0	0	0	0	0	0	0	0	2	0	0	0	0	0	0	2	0	5000
SAOUHSC_02821	SAOUHSC_02821	YP_501279.1		0	0	0	2	0	0	0	0	0	0	0	0	0	0	2	0	0	0	0	0	0	2	0	5000
SAOUHSC_02822	SAOUHSC_02822	YP_501280.1		0	0	0	2	0	0	0	0	0	0	0	0	0	0	2	0	0	0	0	0	0	2	0	5000
SAOUHSC_02830	SAOUHSC_02830	YP_501289.1		0	0	0	2	2	0	0	0	0	0	0	0	0	0	0	2	0	5000	0	0	0	0	0	0
SAOUHSC_02831	SAOUHSC_02831	YP_501290.1		0	0	0	2	0	0	0	0	0	0	0	0	0	0	2	0	0	0	0	0	0	2	0	5000
SAOUHSC_02832	SAOUHSC_02832	YP_501291.1		0	0	0	2	2	0	0	0	0	0	0	0	0	0	0	2	0	5000	0	0	0	0	0	0
SAOUHSC_02833	SAOUHSC_02833	YP_501292.1		0	0	0	2	2	0	0	0	0	0	0	0	0	0	0	2	0	5000	0	0	0	0	0	0
SAOUHSC_02834	SAOUHSC_02834	YP_501293.1		0	0	0	2	0	0	0	0	0	0	0	0	0	0	2	0	0	0	0	0	0	2	0	5000
SAOUHSC_02836	SAOUHSC_02836	YP_501294.1		0	0	0	2	2	0	0	0	0	0	0	0	0	0	0	2	0	5000	0	0	0	0	0	0
SAOUHSC_02837	SAOUHSC_02837	YP_501295.1		0	0	0	2	2	0	0	0	0	0	0	0	0	0	0	2	0	5000	0	0	0	0	0	0
SAOUHSC_02838	SAOUHSC_02838	YP_501296.1		0	0	0	2	2	0	0	0	0	0	0	0	0	0	0	2	0	5000	0	0	0	0	0	0
SAOUHSC_02839	SAOUHSC_02839	YP_501297.1		0	0	0	2	2	0	0	0	0	0	0	0	0	0	0	2	0	5000	0	0	0	0	0	0
SAOUHSC_02840	SAOUHSC_02840	YP_501298.1		0	0	0	2	2	0	0	0	0	0	0	0	0	0	0	2	0	5000	0	0	0	0	0	0
SAOUHSC_02841	SAOUHSC_02841	YP_501299.1		0	0	0	2	2	0	0	0	0	0	0	0	0	0	0	2	0	5000	0	0	0	0	0	0
SAOUHSC_02842	SAOUHSC_02842	YP_501300.1		0	0	0	2	0	0	0	0	0	0	0	0	0	0	2	0	0	0	0	0	0	2	0	5000
SAOUHSC_02843	SAOUHSC_02843	YP_501301.1		0	0	0	2	0	0	0	0	0	0	0	0	0	0	2	0	0	0	0	0	0	2	0	5000
SAOUHSC_02849	SAOUHSC_02849	YP_501306.1		0	0	0	10	0	0	0	0	0	0	0	0	0	0	10	0	0	0	0	0	0	10	0	5000
SAOUHSC_02850	SAOUHSC_02850	YP_501307.1		0	0	0	10	0	0	0	0	0	0	0	0	0	0	10	0	0	0	0	0	0	10	0	5000
SAOUHSC_02851	SAOUHSC_02851	YP_501308.1		0	0	0	10	0	0	0	0	0	0	0	0	0	0	10	0	0	0	0	0	0	10	0	5000
SAOUHSC_02852	SAOUHSC_02852	YP_501309.1		0	0	0	10	0	0	0	0	0	0	0	0	0	0	10	0	0	0	0	0	0	10	0	5000
SAOUHSC_02853	SAOUHSC_02853	YP_501310.1		0	0	0	10	10	0	0	0	0	0	0	0	0	0	0	10	0	5000	0	0	0	0	0	0
SAOUHSC_02855	SAOUHSC_02855	YP_501311.1		0	0	0	10	10	0	0	0	0	0	0	0	0	0	0	10	0	5000	0	0	0	0	0	0
SAOUHSC_02856	SAOUHSC_02856	YP_501312.1		0	0	0	10	10	0	0	0	0	0	0	0	0	0	0	10	0	5000	0	0	0	0	0	0
SAOUHSC_02857	SAOUHSC_02857	YP_501313.1		0	0	0	10	10	0	0	0	0	0	0	0	0	0	0	10	0	5000	0	0	0	0	0	0
SAOUHSC_02858	SAOUHSC_02858	YP_501314.1		0	0	0	10	10	0	0	0	0	0	0	0	0	0	0	10	0	5000	0	0	0	0	0	0
SAOUHSC_02859	SAOUHSC_02859	YP_501315.1		0	0	0	10	10	0	0	0	0	0	0	0	0	0	0	10	0	5000	0	0	0	0	0	0
SAOUHSC_02860	SAOUHSC_02860	YP_501316.1		0	0	0	10	0	0	0	0	0	0	0	0	0	0	10	0	0	0	0	0	0	10	0	5000
SAOUHSC_02861	SAOUHSC_02861	YP_501317.1		0	0	0	10	10	0	0	0	0	0	0	0	0	0	0	10	0	5000	0	0	0	0	0	0
SAOUHSC_02886	SAOUHSC_02886	YP_501339.1		0	0	0	2	0	0	0	0	0	0	0	0	0	0	2	0	0	0	0	0	0	2	0	5000
SAOUHSC_02887	SAOUHSC_02887	YP_501340.1		0	0	0	2	0	0	0	0	0	0	0	0	0	0	2	0	0	0	0	0	0	2	0	5000
SAOUHSC_02888	SAOUHSC_02888	YP_501341.1		0	0	0	5	0	0	0	0	0	0	0	0	0	0	5	0	0	0	0	0	0	5	0	5000
SAOUHSC_02889	SAOUHSC_02889	YP_501342.1		0	0	0	5	0	0	0	0	0	0	0	0	0	0	5	0	0	0	0	0	0	5	0	5000
SAOUHSC_02890	SAOUHSC_02890	YP_501343.1		0	0	0	5	5	0	0	0	0	0	0	0	0	0	0	5	0	5000	0	0	0	0	0	0
SAOUHSC_02891	SAOUHSC_02891	YP_501344.1		0	0	0	5	5	0	0	0	0	0	0	0	0	0	0	5	0	5000	0	0	0	0	0	0
SAOUHSC_02892	SAOUHSC_02892	YP_501345.1		0	0	0	5	5	0	0	0	0	0	0	0	0	0	0	5	0	5000	0	0	0	0	0	0
SAOUHSC_02893	SAOUHSC_02893	YP_501346.1		0	0	0	5	5	0	0	0	0	0	0	0	0	0	0	5	0	5000	0	0	0	0	0	0
SAOUHSC_02894	SAOUHSC_02894	YP_501347.1		0	0	0	5	2	0	0	0	0	0	0	0	0	0	3	2	0	5000	0	0	0	3	0	5000
SAOUHSC_02895	SAOUHSC_02895	YP_501348.1		0	0	0	5	2	0	0	0	0	0	0	0	0	0	3	2	0	5000	0	0	0	3	0	5000
SAOUHSC_02896	SAOUHSC_02896	YP_501349.1		0	0	1	4	2	0	0	0	0	0	0	0	1	0	2	2	0	5000	1	0	300	2	0	5000
SAOUHSC_02897	SAOUHSC_02897	YP_501350.1		0	0	0	5	0	0	0	0	0	0	0	0	0	0	5	0	0	0	0	0	0	5	0	5000
SAOUHSC_02898	SAOUHSC_02898	YP_501351.1		0	0	0	5	0	0	0	0	0	0	0	0	0	0	5	0	0	0	0	0	0	5	0	5000
SAOUHSC_02899	SAOUHSC_02899	YP_501352.1		0	0	0	5	0	0	0	0	0	0	0	0	0	0	5	0	0	0	0	0	0	5	0	5000
SAOUHSC_02900	SAOUHSC_02900	YP_501353.1		0	0	0	5	0	0	0	0	0	0	0	0	0	0	5	0	0	0	0	0	0	5	0	5000
SAOUHSC_02901	SAOUHSC_02901	YP_501354.1		0	0	0	3	3	0	0	0	0	0	0	0	0	0	0	3	0	5000	0	0	0	0	0	0
SAOUHSC_02941	SAOUHSC_02941	YP_501393.1		0	0	0	1	0	0	0	0	0	0	0	0	0	0	1	0	0	0	0	0	0	1	0	5000
SAOUHSC_02942	SAOUHSC_02942	YP_501394.1		0	0	0	1	0	0	0	0	0	0	0	0	0	0	1	0	0	0	0	0	0	1	0	5000
SAOUHSC_02943	SAOUHSC_02943	YP_501395.1		0	0	0	1	0	0	0	0	0	0	0	0	0	0	1	0	0	0	0	0	0	1	0	5000
SAOUHSC_02944	SAOUHSC_02944	YP_501396.1		0	0	0	1	0	0	0	0	0	0	0	0	0	0	1	0	0	0	0	0	0	1	0	5000
SAOUHSC_02945	SAOUHSC_02945	YP_501397.1		0	0	1	0	0	0	0	0	0	0	0	0	1	0	0	0	0	0	1	0	606	0	0	0
SAOUHSC_02947	SAOUHSC_02947	YP_501398.1		0	0	0	1	1	0	0	0	0	0	0	0	0	0	0	1	0	5000	0	0	0	0	0	0
SAOUHSC_02948	SAOUHSC_02948	YP_501399.1		0	0	0	1	0	0	0	0	0	0	0	0	0	0	1	0	0	0	0	0	0	1	0	5000
SAOUHSC_02949	SAOUHSC_02949	YP_501400.1		0	0	0	1	1	0	0	0	0	0	0	0	0	0	0	1	0	5000	0	0	0	0	0	0
SAOUHSC_02950	SAOUHSC_02950	YP_501402.1		0	0	0	1	1	0	0	0	0	0	0	0	0	0	0	1	0	5000	0	0	0	0	0	0
SAOUHSC_02953	SAOUHSC_02953	YP_501404.1		0	0	0	1	1	0	0	0	0	0	0	0	0	0	0	1	0	5000	0	0	0	0	0	0
SAOUHSC_02957	SAOUHSC_02957	YP_501408.1		0	0	0	1	0	0	0	0	0	0	0	0	0	0	1	0	0	0	0	0	0	1	0	5000
SAOUHSC_02958	SAOUHSC_02958	YP_501410.1		0	0	0	4	4	0	0	0	0	0	0	0	0	0	0	4	0	5000	0	0	0	0	0	0
SAOUHSC_02960	SAOUHSC_02960	YP_501411.1		0	0	0	4	4	0	0	0	0	0	0	0	0	0	0	4	0	5000	0	0	0	0	0	0
SAOUHSC_02961	SAOUHSC_02961	YP_501412.1		0	0	0	4	0	0	0	0	0	0	0	0	0	0	4	0	0	0	0	0	0	4	0	5000
SAOUHSC_02962	SAOUHSC_02962	YP_501413.1		0	0	0	4	0	0	0	0	0	0	0	0	0	0	4	0	0	0	0	0	0	4	0	5000
SAOUHSC_02963	SAOUHSC_02963	YP_501414.1		0	2	2	0	0	0	0	0	0	0	0	0	2	2	0	0	0	0	4	0	2634	0	0	0
SAOUHSC_02964	SAOUHSC_02964	YP_501415.1		0	0	0	4	4	0	0	0	0	0	0	0	0	0	0	4	0	5000	0	0	0	0	0	0
SAOUHSC_02965	SAOUHSC_02965	YP_501416.1		0	0	0	4	4	0	0	0	0	0	0	0	0	0	0	4	0	5000	0	0	0	0	0	0
SAOUHSC_02967	SAOUHSC_02967	YP_501417.1		0	0	0	4	4	0	0	0	0	0	0	0	0	0	0	4	0	5000	0	0	0	0	0	0
SAOUHSC_02968	SAOUHSC_02968	YP_501418.1		0	0	0	3	3	0	0	0	0	0	0	0	0	0	0	3	0	5000	0	0	0	0	0	0
SAOUHSC_03025	SAOUHSC_03025	YP_501474.1		0	0	0	6	6	0	0	0	0	0	0	0	0	0	0	6	0	5000	0	0	0	0	0	0
SAOUHSC_03026	SAOUHSC_03026	YP_501475.1		0	0	0	6	0	0	0	0	0	0	0	0	0	0	6	0	0	0	0	0	0	6	0	5000
SAOUHSC_03027	SAOUHSC_03027	YP_501476.1		0	0	0	6	0	0	0	0	0	0	0	0	0	0	6	0	0	0	0	0	0	6	0	5000
SAOUHSC_03028	SAOUHSC_03028	YP_501477.1		0	0	0	6	6	0	0	0	0	0	0	0	0	0	0	6	0	5000	0	0	0	0	0	0
SAOUHSC_03030	SAOUHSC_03030	YP_501478.1		0	0	0	8	8	0	0	0	0	0	0	0	0	0	0	8	0	5000	0	0	0	0	0	0
SAOUHSC_03031	SAOUHSC_03031	YP_501479.1		0	0	0	8	0	0	0	0	0	0	0	0	0	0	8	0	0	0	0	0	0	8	0	5000
SAOUHSC_03032	SAOUHSC_03032	YP_501480.1		0	0	0	8	2	0	0	0	0	0	0	0	0	0	6	2	0	5000	0	0	0	6	0	5000
SAOUHSC_03033	SAOUHSC_03033	YP_501481.1		0	0	0	8	2	0	0	0	0	0	0	0	0	0	6	2	0	5000	0	0	0	6	0	5000
SAOUHSC_03034	SAOUHSC_03034	YP_501482.1		0	0	0	8	2	0	0	0	0	0	0	0	0	0	6	2	0	5000	0	0	0	6	0	5000
SAOUHSC_03035	SAOUHSC_03035	YP_501483.1		0	0	2	6	6	0	0	0	0	0	0	0	2	0	0	6	0	5000	2	0	513	0	0	0
SAOUHSC_03036	SAOUHSC_03036	YP_501484.1		0	0	0	8	0	0	0	0	0	0	0	0	0	0	8	0	0	0	0	0	0	8	0	5000
SAOUHSC_03037	SAOUHSC_03037	YP_501485.1		0	0	0	8	0	0	0	0	0	0	0	0	0	0	8	0	0	0	0	0	0	8	0	5000
SAOUHSC_03037a	SAOUHSC_03037a	YP_008530244.1		0	0	0	2	0	0	0	0	0	0	0	0	0	0	2	0	0	0	0	0	0	2	0	5000
SAOUHSC_03040	SAOUHSC_03040	YP_501487.1		0	0	0	2	0	0	0	0	0	0	0	0	0	0	2	0	0	0	0	0	0	2	0	5000
SAOUHSC_03041	SAOUHSC_03041	YP_501488.1		0	0	0	2	2	0	0	0	0	0	0	0	0	0	0	2	0	5000	0	0	0	0	0	0
SAOUHSC_03042	SAOUHSC_03042	YP_501489.1		0	0	0	2	0	0	0	0	0	0	0	0	0	0	2	0	0	0	0	0	0	2	0	5000
SAOUHSC_1307a	SAOUHSC_1307a	YP_008530240.1		0	0	0	3	0	0	0	0	0	0	0	0	0	0	3	0	0	0	0	0	0	3	0	5000
SAOUHSC_A00526	SAOUHSC_A00526	YP_499116.1		0	0	0	4	0	0	0	0	0	0	0	0	0	0	4	0	0	0	0	0	0	4	0	5000
SAOUHSC_A01081	SAOUHSC_A01081	YP_499663.1		0	0	0	1	1	0	0	0	0	0	0	0	0	0	0	1	0	5000	0	0	0	0	0	0
SAOUHSC_A02577	SAOUHSC_A02577	YP_501179.1		0	0	0	1	0	0	0	0	0	0	0	0	0	0	1	0	0	0	0	0	0	1	0	5000
SAOUHSC_A02794	SAOUHSC_A02794	YP_501401.1		0	0	0	1	1	0	0	0	0	0	0	0	0	0	0	1	0	5000	0	0	0	0	0	0
aroB	SAOUHSC_01482	YP_500000.1		0	0	0	3	0	0	0	0	0	0	0	0	0	0	3	0	0	0	0	0	0	3	0	5000
ddl	SAOUHSC_02318	YP_500797.1		0	0	0	1	1	0	0	0	0	0	0	0	0	0	0	1	0	5000	0	0	0	0	0	0
dnaK	SAOUHSC_01683	YP_500193.1		0	0	0	1	0	0	0	0	0	0	0	0	0	0	1	0	0	0	0	0	0	1	0	5000
eno	SAOUHSC_00799	YP_499355.1		0	0	0	3	3	0	0	0	0	0	0	0	0	0	0	3	0	5000	0	0	0	0	0	0
frr	SAOUHSC_01236	YP_499769.1		0	0	0	1	1	0	0	0	0	0	0	0	0	0	0	1	0	5000	0	0	0	0	0	0
glmM	SAOUHSC_02405	YP_500881.1		0	0	0	1	1	0	0	0	0	0	0	0	0	0	0	1	0	5000	0	0	0	0	0	0
glpK	SAOUHSC_01276	YP_499809.1		0	0	0	5	0	0	0	0	0	0	0	0	0	0	5	0	0	0	0	0	0	5	0	5000
gltD	SAOUHSC_00436	YP_499019.1		0	0	0	1	1	0	0	0	0	0	0	0	0	0	0	1	0	5000	0	0	0	0	0	0
gpmA	SAOUHSC_02703	YP_501165.1		0	0	0	2	0	0	0	0	0	0	0	0	0	0	2	0	0	0	0	0	0	2	0	5000
guaA	SAOUHSC_00375	YP_498964.1		0	0	0	1	1	0	0	0	0	0	0	0	0	0	0	1	0	5000	0	0	0	0	0	0
hemH	SAOUHSC_01961	YP_500460.1		0	0	0	2	2	0	0	0	0	0	0	0	0	0	0	2	0	5000	0	0	0	0	0	0
holA	SAOUHSC_01690	YP_500200.1		0	0	0	1	1	0	0	0	0	0	0	0	0	0	0	1	0	5000	0	0	0	0	0	0
ileS	SAOUHSC_01159	YP_499699.1		0	0	0	1	1	0	0	0	0	0	0	0	0	0	0	1	0	5000	0	0	0	0	0	0
lspA	SAOUHSC_01162	YP_499702.1		0	0	0	1	1	0	0	0	0	0	0	0	0	0	0	1	0	5000	0	0	0	0	0	0
murC	SAOUHSC_01856	YP_500360.1		0	0	0	1	1	0	0	0	0	0	0	0	0	0	0	1	0	5000	0	0	0	0	0	0
mutL	SAOUHSC_01273	YP_499806.1		0	0	0	5	5	0	0	0	0	0	0	0	0	0	0	5	0	5000	0	0	0	0	0	0
ndk	SAOUHSC_01485	YP_500003.1		0	0	0	3	3	0	0	0	0	0	0	0	0	0	0	3	0	5000	0	0	0	0	0	0
nsaR	SAOUHSC_02956	YP_501407.1		0	0	0	1	0	0	0	0	0	0	0	0	0	0	1	0	0	0	0	0	0	1	0	5000
nsaS	SAOUHSC_02955	YP_501406.1		0	0	0	1	0	0	0	0	0	0	0	0	0	0	1	0	0	0	0	0	0	1	0	5000
pgk	SAOUHSC_00796	YP_499352.1		0	0	0	3	3	0	0	0	0	0	0	0	0	0	0	3	0	5000	0	0	0	0	0	0
polC	SAOUHSC_01241	YP_499774.1		0	0	0	1	0	0	0	0	0	0	0	0	0	0	1	0	0	0	0	0	0	1	0	5000
pyrB	SAOUHSC_01166	YP_499706.1		0	0	0	1	0	0	0	0	0	0	0	0	0	0	1	0	0	0	0	0	0	1	0	5000
pyrC	SAOUHSC_01168	YP_499707.1		0	0	0	1	0	0	0	0	0	0	0	0	0	0	1	0	0	0	0	0	0	1	0	5000
pyrH	SAOUHSC_01235	YP_499768.1		0	0	0	1	1	0	0	0	0	0	0	0	0	0	0	1	0	5000	0	0	0	0	0	0
rpsT	SAOUHSC_01689	YP_500199.1		0	0	0	1	0	0	0	0	0	0	0	0	0	0	1	0	0	0	0	0	0	1	0	5000
secG	SAOUHSC_00801	YP_499357.2		0	0	0	3	0	0	0	0	0	0	0	0	0	0	3	0	0	0	0	0	0	3	0	5000
smpB	SAOUHSC_00804	YP_499360.1		0	0	0	3	0	0	0	0	0	0	0	0	0	0	3	0	0	0	0	0	0	3	0	5000
spxA	SAOUHSC_00934	YP_499487.1		0	0	0	3	0	0	0	0	0	0	0	0	0	0	3	0	0	0	0	0	0	3	0	5000
thyA	SAOUHSC_01435	YP_499960.1		0	0	0	1	0	0	0	0	0	0	0	0	0	0	1	0	0	0	0	0	0	1	0	5000
tpiA	SAOUHSC_00797	YP_499353.1		0	0	0	3	3	0	0	0	0	0	0	0	0	0	0	3	0	5000	0	0	0	0	0	0
trmB	SAOUHSC_01865	YP_500368.1		0	0	0	2	0	0	0	0	0	0	0	0	0	0	2	0	0	0	0	0	0	2	0	5000
tsf	SAOUHSC_01234	YP_499767.1		0	0	0	1	1	0	0	0	0	0	0	0	0	0	0	1	0	5000	0	0	0	0	0	0
ubiE	SAOUHSC_01487	YP_500005.1		0	0	0	3	3	0	0	0	0	0	0	0	0	0	0	3	0	5000	0	0	0	0	0	0
