# The following table is formatted as tab separated values. 
#GeneName	GeneId	TranscriptId	BioType	variants_impact_HIGH	variants_impact_LOW	variants_impact_MODERATE	variants_impact_MODIFIER	variants_effect_downstream_gene_variant	variants_effect_frameshift_variant	variants_effect_frameshift_variant+missense_variant	variants_effect_inframe_deletion	variants_effect_inframe_insertion	variants_effect_missense_variant	variants_effect_missense_variant+disruptive_inframe_deletion	variants_effect_start_lost	variants_effect_synonymous_variant	variants_effect_upstream_gene_variant	bases_affected_DOWNSTREAM	total_score_DOWNSTREAM	length_DOWNSTREAM	bases_affected_EXON	total_score_EXON	length_EXON	bases_affected_TRANSCRIPT	total_score_TRANSCRIPT	length_TRANSCRIPT	bases_affected_UPSTREAM	total_score_UPSTREAM	length_UPSTREAM
SAOUHSC_00025	SAOUHSC_00025	YP_498631.1		0	0	0	2	2	0	0	0	0	0	0	0	0	0	2	0	5000	0	0	0	0	0	0	0	0	0
SAOUHSC_00026	SAOUHSC_00026	YP_498632.1		0	0	0	2	0	0	0	0	0	0	0	0	0	2	0	0	0	0	0	0	0	0	0	2	0	5000
SAOUHSC_00027	SAOUHSC_00027	YP_498633.1		0	0	0	2	2	0	0	0	0	0	0	0	0	0	2	0	5000	0	0	0	0	0	0	0	0	0
SAOUHSC_00028	SAOUHSC_00028	YP_498634.1		0	0	0	2	0	0	0	0	0	0	0	0	0	2	0	0	0	0	0	0	0	0	0	2	0	5000
SAOUHSC_00029	SAOUHSC_00029	YP_498635.1		0	0	0	2	2	0	0	0	0	0	0	0	0	0	2	0	5000	0	0	0	0	0	0	0	0	0
SAOUHSC_00030	SAOUHSC_00030	YP_498636.1		0	0	0	2	2	0	0	0	0	0	0	0	0	0	2	0	5000	0	0	0	0	0	0	0	0	0
SAOUHSC_00031	SAOUHSC_00031	YP_498637.1		0	0	0	2	2	0	0	0	0	0	0	0	0	0	2	0	5000	0	0	0	0	0	0	0	0	0
SAOUHSC_00032	SAOUHSC_00032	YP_498638.1		0	0	0	2	2	0	0	0	0	0	0	0	0	0	2	0	5000	0	0	0	0	0	0	0	0	0
SAOUHSC_00033	SAOUHSC_00033	YP_498639.1		0	0	0	3	2	0	0	0	0	0	0	0	0	1	2	0	5000	0	0	0	0	0	0	1	0	5000
SAOUHSC_00034	SAOUHSC_00034	YP_498640.1		0	0	0	3	2	0	0	0	0	0	0	0	0	1	2	0	5000	0	0	0	0	0	0	1	0	5000
SAOUHSC_00035	SAOUHSC_00035	YP_498641.1		0	0	0	3	1	0	0	0	0	0	0	0	0	2	1	0	5000	0	0	0	0	0	0	2	0	5000
SAOUHSC_00036	SAOUHSC_00036	YP_498642.1		0	0	0	3	1	0	0	0	0	0	0	0	0	2	1	0	5000	0	0	0	0	0	0	2	0	5000
SAOUHSC_00037	SAOUHSC_00037	YP_498643.1		0	0	0	3	1	0	0	0	0	0	0	0	0	2	1	0	5000	0	0	0	0	0	0	2	0	5000
SAOUHSC_00038	SAOUHSC_00038	YP_498644.1		0	0	0	1	0	0	0	0	0	0	0	0	0	1	0	0	0	0	0	0	0	0	0	1	0	5000
SAOUHSC_00039	SAOUHSC_00039	YP_498645.1		0	1	0	0	0	0	0	0	0	0	0	0	1	0	0	0	0	1	0	933	0	0	0	0	0	0
SAOUHSC_00040	SAOUHSC_00040	YP_498646.1		0	0	0	1	0	0	0	0	0	0	0	0	0	1	0	0	0	0	0	0	0	0	0	1	0	5000
SAOUHSC_00041	SAOUHSC_00041	YP_498647.1		0	0	0	1	0	0	0	0	0	0	0	0	0	1	0	0	0	0	0	0	0	0	0	1	0	5000
SAOUHSC_00042	SAOUHSC_00042	YP_498648.1		0	0	0	1	1	0	0	0	0	0	0	0	0	0	1	0	5000	0	0	0	0	0	0	0	0	0
SAOUHSC_00043	SAOUHSC_00043	YP_498649.1		0	0	0	1	1	0	0	0	0	0	0	0	0	0	1	0	5000	0	0	0	0	0	0	0	0	0
SAOUHSC_00044	SAOUHSC_00044	YP_498650.1		0	0	0	1	0	0	0	0	0	0	0	0	0	1	0	0	0	0	0	0	0	0	0	1	0	5000
SAOUHSC_00045	SAOUHSC_00045	YP_498651.1		0	0	0	1	1	0	0	0	0	0	0	0	0	0	1	0	5000	0	0	0	0	0	0	0	0	0
SAOUHSC_00049	SAOUHSC_00049	YP_498654.1		0	0	0	2	2	0	0	0	0	0	0	0	0	0	2	0	5000	0	0	0	0	0	0	0	0	0
SAOUHSC_00050	SAOUHSC_00050	YP_498655.1		0	0	0	4	4	0	0	0	0	0	0	0	0	0	4	0	5000	0	0	0	0	0	0	0	0	0
SAOUHSC_00051	SAOUHSC_00051	YP_498656.1		0	0	0	4	4	0	0	0	0	0	0	0	0	0	4	0	5000	0	0	0	0	0	0	0	0	0
SAOUHSC_00052	SAOUHSC_00052	YP_498657.1		0	0	0	4	4	0	0	0	0	0	0	0	0	0	4	0	5000	0	0	0	0	0	0	0	0	0
SAOUHSC_00053	SAOUHSC_00053	YP_498658.1		0	0	0	4	4	0	0	0	0	0	0	0	0	0	4	0	5000	0	0	0	0	0	0	0	0	0
SAOUHSC_00054	SAOUHSC_00054	YP_498659.1		0	0	2	2	2	0	0	0	0	2	0	0	0	0	2	0	5000	2	0	771	0	0	0	0	0	0
SAOUHSC_00055	SAOUHSC_00055	YP_498660.1		0	0	0	4	2	0	0	0	0	0	0	0	0	2	2	0	5000	0	0	0	0	0	0	2	0	5000
SAOUHSC_00056	SAOUHSC_00056	YP_498661.1		0	0	0	4	0	0	0	0	0	0	0	0	0	4	0	0	0	0	0	0	0	0	0	4	0	5000
SAOUHSC_00057	SAOUHSC_00057	YP_498662.1		0	0	0	4	0	0	0	0	0	0	0	0	0	4	0	0	0	0	0	0	0	0	0	4	0	5000
SAOUHSC_00058	SAOUHSC_00058	YP_498663.1		0	0	0	3	0	0	0	0	0	0	0	0	0	3	0	0	0	0	0	0	0	0	0	3	0	5000
SAOUHSC_00129	SAOUHSC_00129	YP_498729.1		0	0	0	1	1	0	0	0	0	0	0	0	0	0	1	0	5000	0	0	0	0	0	0	0	0	0
SAOUHSC_00130	SAOUHSC_00130	YP_498730.1		0	0	0	1	0	0	0	0	0	0	0	0	0	1	0	0	0	0	0	0	0	0	0	1	0	5000
SAOUHSC_00131	SAOUHSC_00131	YP_498731.1		0	0	0	1	0	0	0	0	0	0	0	0	0	1	0	0	0	0	0	0	0	0	0	1	0	5000
SAOUHSC_00132	SAOUHSC_00132	YP_498732.1		0	0	0	1	1	0	0	0	0	0	0	0	0	0	1	0	5000	0	0	0	0	0	0	0	0	0
SAOUHSC_00133	SAOUHSC_00133	YP_498733.1		0	0	0	1	1	0	0	0	0	0	0	0	0	0	1	0	5000	0	0	0	0	0	0	0	0	0
SAOUHSC_00134	SAOUHSC_00134	YP_498734.1		0	0	0	1	0	0	0	0	0	0	0	0	0	1	0	0	0	0	0	0	0	0	0	1	0	5000
SAOUHSC_00135	SAOUHSC_00135	YP_498735.1		0	0	0	1	0	0	0	0	0	0	0	0	0	1	0	0	0	0	0	0	0	0	0	1	0	5000
SAOUHSC_00136	SAOUHSC_00136	YP_498736.1		0	0	0	1	0	0	0	0	0	0	0	0	0	1	0	0	0	0	0	0	0	0	0	1	0	5000
SAOUHSC_00137	SAOUHSC_00137	YP_498737.1		0	0	0	1	0	0	0	0	0	0	0	0	0	1	0	0	0	0	0	0	0	0	0	1	0	5000
SAOUHSC_00138	SAOUHSC_00138	YP_498738.1		0	0	0	1	0	0	0	0	0	0	0	0	0	1	0	0	0	0	0	0	0	0	0	1	0	5000
SAOUHSC_00139	SAOUHSC_00139	YP_498739.1		0	0	0	1	0	0	0	0	0	0	0	0	0	1	0	0	0	0	0	0	0	0	0	1	0	5000
SAOUHSC_00141	SAOUHSC_00141	YP_498740.1		0	0	0	1	0	0	0	0	0	0	0	0	0	1	0	0	0	0	0	0	0	0	0	1	0	5000
SAOUHSC_00169	SAOUHSC_00169	YP_498766.1		0	0	0	1	1	0	0	0	0	0	0	0	0	0	1	0	5000	0	0	0	0	0	0	0	0	0
SAOUHSC_00170	SAOUHSC_00170	YP_498767.1		0	0	0	1	1	0	0	0	0	0	0	0	0	0	1	0	5000	0	0	0	0	0	0	0	0	0
SAOUHSC_00171	SAOUHSC_00171	YP_498768.1		0	0	0	1	1	0	0	0	0	0	0	0	0	0	1	0	5000	0	0	0	0	0	0	0	0	0
SAOUHSC_00172	SAOUHSC_00172	YP_498769.1		0	0	0	1	1	0	0	0	0	0	0	0	0	0	1	0	5000	0	0	0	0	0	0	0	0	0
SAOUHSC_00173	SAOUHSC_00173	YP_498770.1		0	0	0	1	1	0	0	0	0	0	0	0	0	0	1	0	5000	0	0	0	0	0	0	0	0	0
SAOUHSC_00174	SAOUHSC_00174	YP_498771.1		0	0	0	1	0	0	0	0	0	0	0	0	0	1	0	0	0	0	0	0	0	0	0	1	0	5000
SAOUHSC_00175	SAOUHSC_00175	YP_498772.1		0	0	0	1	0	0	0	0	0	0	0	0	0	1	0	0	0	0	0	0	0	0	0	1	0	5000
SAOUHSC_00176	SAOUHSC_00176	YP_498773.1		0	0	0	1	0	0	0	0	0	0	0	0	0	1	0	0	0	0	0	0	0	0	0	1	0	5000
SAOUHSC_00187	SAOUHSC_00187	YP_498784.1		0	0	0	1	1	0	0	0	0	0	0	0	0	0	1	0	5000	0	0	0	0	0	0	0	0	0
SAOUHSC_00188	SAOUHSC_00188	YP_498785.1		0	0	0	1	1	0	0	0	0	0	0	0	0	0	1	0	5000	0	0	0	0	0	0	0	0	0
SAOUHSC_00190	SAOUHSC_00190	YP_498787.1		0	0	0	1	1	0	0	0	0	0	0	0	0	0	1	0	5000	0	0	0	0	0	0	0	0	0
SAOUHSC_00191	SAOUHSC_00191	YP_498788.1		0	0	0	1	0	0	0	0	0	0	0	0	0	1	0	0	0	0	0	0	0	0	0	1	0	5000
SAOUHSC_00192	SAOUHSC_00192	YP_498789.1		0	0	1	0	0	0	0	0	0	1	0	0	0	0	0	0	0	1	0	1911	0	0	0	0	0	0
SAOUHSC_00193	SAOUHSC_00193	YP_498790.1		0	0	0	1	1	0	0	0	0	0	0	0	0	0	1	0	5000	0	0	0	0	0	0	0	0	0
SAOUHSC_00195	SAOUHSC_00195	YP_498792.1		0	0	0	1	1	0	0	0	0	0	0	0	0	0	1	0	5000	0	0	0	0	0	0	0	0	0
SAOUHSC_00196	SAOUHSC_00196	YP_498793.1		0	0	0	1	1	0	0	0	0	0	0	0	0	0	1	0	5000	0	0	0	0	0	0	0	0	0
SAOUHSC_00237	SAOUHSC_00237	YP_498832.1		0	0	0	2	0	0	0	0	0	0	0	0	0	2	0	0	0	0	0	0	0	0	0	2	0	5000
SAOUHSC_00238	SAOUHSC_00238	YP_498833.1		0	0	0	2	2	0	0	0	0	0	0	0	0	0	2	0	5000	0	0	0	0	0	0	0	0	0
SAOUHSC_00239	SAOUHSC_00239	YP_498834.1		0	0	0	2	0	0	0	0	0	0	0	0	0	2	0	0	0	0	0	0	0	0	0	2	0	5000
SAOUHSC_00240	SAOUHSC_00240	YP_498835.1		0	0	0	2	0	0	0	0	0	0	0	0	0	2	0	0	0	0	0	0	0	0	0	2	0	5000
SAOUHSC_00241	SAOUHSC_00241	YP_498836.1		0	0	0	2	0	0	0	0	0	0	0	0	0	2	0	0	0	0	0	0	0	0	0	2	0	5000
SAOUHSC_00242	SAOUHSC_00242	YP_498837.1		0	0	0	2	0	0	0	0	0	0	0	0	0	2	0	0	0	0	0	0	0	0	0	2	0	5000
SAOUHSC_00243	SAOUHSC_00243	YP_498838.1		0	0	0	2	2	0	0	0	0	0	0	0	0	0	2	0	5000	0	0	0	0	0	0	0	0	0
SAOUHSC_00244	SAOUHSC_00244	YP_498839.1		0	0	0	2	2	0	0	0	0	0	0	0	0	0	2	0	5000	0	0	0	0	0	0	0	0	0
SAOUHSC_00246	SAOUHSC_00246	YP_498841.1		0	0	0	2	2	0	0	0	0	0	0	0	0	0	2	0	5000	0	0	0	0	0	0	0	0	0
SAOUHSC_00247	SAOUHSC_00247	YP_498842.1		0	0	0	2	0	0	0	0	0	0	0	0	0	2	0	0	0	0	0	0	0	0	0	2	0	5000
SAOUHSC_00248	SAOUHSC_00248	YP_498843.1		0	0	0	2	0	0	0	0	0	0	0	0	0	2	0	0	0	0	0	0	0	0	0	2	0	5000
SAOUHSC_00249	SAOUHSC_00249	YP_498844.1		0	0	0	2	2	0	0	0	0	0	0	0	0	0	2	0	5000	0	0	0	0	0	0	0	0	0
SAOUHSC_00265	SAOUHSC_00265	YP_498858.1		0	0	0	1	1	0	0	0	0	0	0	0	0	0	1	0	5000	0	0	0	0	0	0	0	0	0
SAOUHSC_00266	SAOUHSC_00266	YP_498859.1		0	0	0	3	3	0	0	0	0	0	0	0	0	0	3	0	5000	0	0	0	0	0	0	0	0	0
SAOUHSC_00267	SAOUHSC_00267	YP_498860.1		0	0	0	5	5	0	0	0	0	0	0	0	0	0	5	0	5000	0	0	0	0	0	0	0	0	0
SAOUHSC_00268	SAOUHSC_00268	YP_498861.1		0	0	0	8	8	0	0	0	0	0	0	0	0	0	8	0	5000	0	0	0	0	0	0	0	0	0
SAOUHSC_00269	SAOUHSC_00269	YP_498862.1		0	0	0	8	8	0	0	0	0	0	0	0	0	0	8	0	5000	0	0	0	0	0	0	0	0	0
SAOUHSC_00270	SAOUHSC_00270	YP_498863.1		0	0	0	8	8	0	0	0	0	0	0	0	0	0	8	0	5000	0	0	0	0	0	0	0	0	0
SAOUHSC_00271	SAOUHSC_00271	YP_498864.1		0	1	0	8	8	0	0	0	0	0	0	0	1	0	8	0	5000	1	0	612	0	0	0	0	0	0
SAOUHSC_00272	SAOUHSC_00272	YP_498865.1		0	0	0	9	8	0	0	0	0	0	0	0	0	1	8	0	5000	0	0	0	0	0	0	1	0	5000
SAOUHSC_00274	SAOUHSC_00274	YP_498866.1		0	0	3	6	4	0	0	0	0	3	0	0	0	2	4	0	5000	3	0	501	0	0	0	2	0	5000
SAOUHSC_00275	SAOUHSC_00275	YP_498867.2		0	0	0	9	4	0	0	0	0	0	0	0	0	5	4	0	5000	0	0	0	0	0	0	5	0	5000
SAOUHSC_00276	SAOUHSC_00276	YP_498868.1		0	1	0	8	3	0	0	0	0	0	0	0	1	5	3	0	5000	1	0	501	0	0	0	5	0	5000
SAOUHSC_00277	SAOUHSC_00277	YP_498869.1		0	0	2	7	1	0	0	0	0	2	0	0	0	6	1	0	5000	2	0	501	0	0	0	6	0	5000
SAOUHSC_00278	SAOUHSC_00278	YP_498870.1		0	0	0	10	2	0	0	0	0	0	0	0	0	8	2	0	5000	0	0	0	0	0	0	8	0	5000
SAOUHSC_00279	SAOUHSC_00279	YP_498871.1		0	0	0	10	2	0	0	0	0	0	0	0	0	8	2	0	5000	0	0	0	0	0	0	8	0	5000
SAOUHSC_00280	SAOUHSC_00280	YP_498872.1		0	0	0	10	2	0	0	0	0	0	0	0	0	8	2	0	5000	0	0	0	0	0	0	8	0	5000
SAOUHSC_00281	SAOUHSC_00281	YP_498873.1		0	0	0	10	9	0	0	0	0	0	0	0	0	1	9	0	5000	0	0	0	0	0	0	1	0	5000
SAOUHSC_00282	SAOUHSC_00282	YP_498874.1		0	0	0	6	5	0	0	0	0	0	0	0	0	1	5	0	5000	0	0	0	0	0	0	1	0	5000
SAOUHSC_00284	SAOUHSC_00284	YP_498875.1		0	0	1	1	0	0	0	0	0	1	0	0	0	1	0	0	0	1	0	891	0	0	0	1	0	5000
SAOUHSC_00285	SAOUHSC_00285	YP_498877.1		0	0	0	2	0	0	0	0	0	0	0	0	0	2	0	0	0	0	0	0	0	0	0	2	0	5000
SAOUHSC_00287	SAOUHSC_00287	YP_498878.1		0	0	0	1	0	0	0	0	0	0	0	0	0	1	0	0	0	0	0	0	0	0	0	1	0	5000
SAOUHSC_00289	SAOUHSC_00289	YP_498879.1		0	0	0	1	1	0	0	0	0	0	0	0	0	0	1	0	5000	0	0	0	0	0	0	0	0	0
SAOUHSC_00290	SAOUHSC_00290	YP_498880.1		0	0	0	1	0	0	0	0	0	0	0	0	0	1	0	0	0	0	0	0	0	0	0	1	0	5000
SAOUHSC_00291	SAOUHSC_00291	YP_498881.1		0	0	0	1	0	0	0	0	0	0	0	0	0	1	0	0	0	0	0	0	0	0	0	1	0	5000
SAOUHSC_00302	SAOUHSC_00302	YP_498892.1		0	0	0	5	0	0	0	0	0	0	0	0	0	5	0	0	0	0	0	0	0	0	0	5	0	5000
SAOUHSC_00303	SAOUHSC_00303	YP_498893.1		0	0	0	5	5	0	0	0	0	0	0	0	0	0	5	0	5000	0	0	0	0	0	0	0	0	0
SAOUHSC_00304	SAOUHSC_00304	YP_498894.1		0	0	0	5	5	0	0	0	0	0	0	0	0	0	5	0	5000	0	0	0	0	0	0	0	0	0
SAOUHSC_00305	SAOUHSC_00305	YP_498895.2		0	0	0	5	5	0	0	0	0	0	0	0	0	0	5	0	5000	0	0	0	0	0	0	0	0	0
SAOUHSC_00306	SAOUHSC_00306	YP_498896.1		0	0	0	5	5	0	0	0	0	0	0	0	0	0	5	0	5000	0	0	0	0	0	0	0	0	0
SAOUHSC_00307	SAOUHSC_00307	YP_498897.1		0	0	0	5	5	0	0	0	0	0	0	0	0	0	5	0	5000	0	0	0	0	0	0	0	0	0
SAOUHSC_00308	SAOUHSC_00308	YP_498898.1		0	3	2	0	0	0	0	0	0	2	0	0	3	0	0	0	0	5	0	1023	0	0	0	0	0	0
SAOUHSC_00309	SAOUHSC_00309	YP_498899.1		0	0	0	5	0	0	0	0	0	0	0	0	0	5	0	0	0	0	0	0	0	0	0	5	0	5000
SAOUHSC_00311	SAOUHSC_00311	YP_498901.1		0	0	0	5	5	0	0	0	0	0	0	0	0	0	5	0	5000	0	0	0	0	0	0	0	0	0
SAOUHSC_00312	SAOUHSC_00312	YP_498902.1		0	0	0	5	5	0	0	0	0	0	0	0	0	0	5	0	5000	0	0	0	0	0	0	0	0	0
SAOUHSC_00313	SAOUHSC_00313	YP_498903.1		0	0	0	5	5	0	0	0	0	0	0	0	0	0	5	0	5000	0	0	0	0	0	0	0	0	0
SAOUHSC_00327	SAOUHSC_00327	YP_498916.1		0	0	0	6	6	0	0	0	0	0	0	0	0	0	6	0	5000	0	0	0	0	0	0	0	0	0
SAOUHSC_00328	SAOUHSC_00328	YP_498917.1		0	0	0	6	0	0	0	0	0	0	0	0	0	6	0	0	0	0	0	0	0	0	0	6	0	5000
SAOUHSC_00329	SAOUHSC_00329	YP_498918.1		0	0	0	6	0	0	0	0	0	0	0	0	0	6	0	0	0	0	0	0	0	0	0	6	0	5000
SAOUHSC_00330	SAOUHSC_00330	YP_498919.1		0	0	0	6	0	0	0	0	0	0	0	0	0	6	0	0	0	0	0	0	0	0	0	6	0	5000
SAOUHSC_00331	SAOUHSC_00331	YP_498920.1		0	0	0	6	6	0	0	0	0	0	0	0	0	0	6	0	5000	0	0	0	0	0	0	0	0	0
SAOUHSC_00332	SAOUHSC_00332	YP_498921.1		0	0	0	6	6	0	0	0	0	0	0	0	0	0	6	0	5000	0	0	0	0	0	0	0	0	0
SAOUHSC_00333	SAOUHSC_00333	YP_498922.1		0	0	0	6	6	0	0	0	0	0	0	0	0	0	6	0	5000	0	0	0	0	0	0	0	0	0
SAOUHSC_00334	SAOUHSC_00334	YP_498923.1		0	0	0	6	6	0	0	0	0	0	0	0	0	0	6	0	5000	0	0	0	0	0	0	0	0	0
SAOUHSC_00335	SAOUHSC_00335	YP_498924.1		0	0	0	6	6	0	0	0	0	0	0	0	0	0	6	0	5000	0	0	0	0	0	0	0	0	0
SAOUHSC_00336	SAOUHSC_00336	YP_498926.1		0	0	0	6	0	0	0	0	0	0	0	0	0	6	0	0	0	0	0	0	0	0	0	6	0	5000
SAOUHSC_00337	SAOUHSC_00337	YP_498927.1		0	0	0	6	6	0	0	0	0	0	0	0	0	0	6	0	5000	0	0	0	0	0	0	0	0	0
SAOUHSC_00338	SAOUHSC_00338	YP_498928.1		0	0	0	6	6	0	0	0	0	0	0	0	0	0	6	0	5000	0	0	0	0	0	0	0	0	0
SAOUHSC_00355	SAOUHSC_00355	YP_498944.1		0	0	0	1	1	0	0	0	0	0	0	0	0	0	1	0	5000	0	0	0	0	0	0	0	0	0
SAOUHSC_00356	SAOUHSC_00356	YP_498945.1		0	0	0	1	1	0	0	0	0	0	0	0	0	0	1	0	5000	0	0	0	0	0	0	0	0	0
SAOUHSC_00357	SAOUHSC_00357	YP_498946.1		0	0	0	1	0	0	0	0	0	0	0	0	0	1	0	0	0	0	0	0	0	0	0	1	0	5000
SAOUHSC_00358	SAOUHSC_00358	YP_498947.1		0	0	0	1	1	0	0	0	0	0	0	0	0	0	1	0	5000	0	0	0	0	0	0	0	0	0
SAOUHSC_00359	SAOUHSC_00359	YP_498949.1		0	0	0	1	1	0	0	0	0	0	0	0	0	0	1	0	5000	0	0	0	0	0	0	0	0	0
SAOUHSC_00360	SAOUHSC_00360	YP_498950.1		0	0	0	1	0	0	0	0	0	0	0	0	0	1	0	0	0	0	0	0	0	0	0	1	0	5000
SAOUHSC_00362	SAOUHSC_00362	YP_498951.1		0	0	0	1	0	0	0	0	0	0	0	0	0	1	0	0	0	0	0	0	0	0	0	1	0	5000
SAOUHSC_00363	SAOUHSC_00363	YP_498952.1		0	1	0	0	0	0	0	0	0	0	0	0	1	0	0	0	0	1	0	294	0	0	0	0	0	0
SAOUHSC_00364	SAOUHSC_00364	YP_498953.1		0	0	0	1	1	0	0	0	0	0	0	0	0	0	1	0	5000	0	0	0	0	0	0	0	0	0
SAOUHSC_00365	SAOUHSC_00365	YP_498954.1		0	0	0	1	1	0	0	0	0	0	0	0	0	0	1	0	5000	0	0	0	0	0	0	0	0	0
SAOUHSC_00366	SAOUHSC_00366	YP_498955.1		0	0	0	1	0	0	0	0	0	0	0	0	0	1	0	0	0	0	0	0	0	0	0	1	0	5000
SAOUHSC_00367	SAOUHSC_00367	YP_498956.1		0	0	0	1	1	0	0	0	0	0	0	0	0	0	1	0	5000	0	0	0	0	0	0	0	0	0
SAOUHSC_00374	SAOUHSC_00374	YP_498963.1		0	0	0	10	10	0	0	0	0	0	0	0	0	0	10	0	5000	0	0	0	0	0	0	0	0	0
SAOUHSC_00376	SAOUHSC_00376	YP_498965.1		0	0	0	11	0	0	0	0	0	0	0	0	0	11	0	0	0	0	0	0	0	0	0	11	0	5000
SAOUHSC_00377	SAOUHSC_00377	YP_498966.1		0	0	0	11	0	0	0	0	0	0	0	0	0	11	0	0	0	0	0	0	0	0	0	11	0	5000
SAOUHSC_00378	SAOUHSC_00378	YP_498967.1		0	0	0	11	0	0	0	0	0	0	0	0	0	11	0	0	0	0	0	0	0	0	0	11	0	5000
SAOUHSC_00381	SAOUHSC_00381	YP_498969.1		0	0	0	11	10	0	0	0	0	0	0	0	0	1	10	0	5000	0	0	0	0	0	0	1	0	5000
SAOUHSC_00381a	SAOUHSC_00381a	YP_008530238.1		0	0	0	11	0	0	0	0	0	0	0	0	0	11	0	0	0	0	0	0	0	0	0	11	0	5000
SAOUHSC_00382	SAOUHSC_00382	YP_498970.1		0	0	0	11	10	0	0	0	0	0	0	0	0	1	10	0	5000	0	0	0	0	0	0	1	0	5000
SAOUHSC_00383	SAOUHSC_00383	YP_498971.1		0	0	1	10	0	0	0	0	0	1	0	0	0	10	0	0	0	1	0	681	0	0	0	10	0	5000
SAOUHSC_00384	SAOUHSC_00384	YP_498972.1		0	0	0	11	0	0	0	0	0	0	0	0	0	11	0	0	0	0	0	0	0	0	0	11	0	5000
SAOUHSC_00386	SAOUHSC_00386	YP_498973.1		0	0	0	11	0	0	0	0	0	0	0	0	0	11	0	0	0	0	0	0	0	0	0	11	0	5000
SAOUHSC_00387	SAOUHSC_00387	YP_498974.1		0	0	0	6	0	0	0	0	0	0	0	0	0	6	0	0	0	0	0	0	0	0	0	6	0	5000
SAOUHSC_00389	SAOUHSC_00389	YP_498975.1		0	0	0	1	0	0	0	0	0	0	0	0	0	1	0	0	0	0	0	0	0	0	0	1	0	5000
SAOUHSC_00390	SAOUHSC_00390	YP_498976.1		0	0	0	1	0	0	0	0	0	0	0	0	0	1	0	0	0	0	0	0	0	0	0	1	0	5000
SAOUHSC_00392	SAOUHSC_00392	YP_498979.1		0	0	0	17	17	0	0	0	0	0	0	0	0	0	17	0	5000	0	0	0	0	0	0	0	0	0
SAOUHSC_00393	SAOUHSC_00393	YP_498980.1		0	0	0	18	18	0	0	0	0	0	0	0	0	0	18	0	5000	0	0	0	0	0	0	0	0	0
SAOUHSC_00394	SAOUHSC_00394	YP_498981.1		0	0	0	24	24	0	0	0	0	0	0	0	0	0	24	0	5000	0	0	0	0	0	0	0	0	0
SAOUHSC_00395	SAOUHSC_00395	YP_498982.1		0	0	0	41	41	0	0	0	0	0	0	0	0	0	41	0	5000	0	0	0	0	0	0	0	0	0
SAOUHSC_00396	SAOUHSC_00396	YP_498983.1		0	0	0	41	0	0	0	0	0	0	0	0	0	41	0	0	0	0	0	0	0	0	0	41	0	5000
SAOUHSC_00397	SAOUHSC_00397	YP_498984.1		0	16	1	26	26	0	0	0	0	1	0	0	16	0	26	0	5000	17	0	1473	0	0	0	0	0	0
SAOUHSC_00398	SAOUHSC_00398	YP_498985.1		0	1	0	47	30	0	0	0	0	0	0	0	1	17	30	0	5000	1	0	1212	0	0	0	17	0	5000
SAOUHSC_00399	SAOUHSC_00399	YP_498986.1		0	12	9	30	10	0	0	0	0	9	0	0	12	20	10	0	5000	21	0	678	0	0	0	20	0	5000
SAOUHSC_00400	SAOUHSC_00400	YP_498987.1		0	1	1	50	9	0	0	0	0	1	0	0	1	41	9	0	5000	2	0	1509	0	0	0	41	0	5000
SAOUHSC_00401	SAOUHSC_00401	YP_498988.1		0	0	0	52	43	0	0	0	0	0	0	0	0	9	43	0	5000	0	0	0	0	0	0	9	0	5000
SAOUHSC_00402	SAOUHSC_00402	YP_498989.1		0	2	0	41	8	0	0	0	0	0	0	0	2	33	8	0	5000	2	0	819	0	0	0	33	0	5000
SAOUHSC_00404	SAOUHSC_00404	YP_498990.1		1	1	1	32	5	0	1	0	0	1	0	0	1	27	5	0	5000	3	0	786	0	0	0	27	0	5000
SAOUHSC_00405	SAOUHSC_00405	YP_498991.1		0	1	2	30	2	0	0	0	0	2	0	0	1	28	2	0	5000	3	0	738	0	0	0	28	0	5000
SAOUHSC_00406	SAOUHSC_00406	YP_498992.1		0	1	0	25	1	0	0	0	0	0	0	0	1	24	1	0	5000	1	0	1329	0	0	0	24	0	5000
SAOUHSC_00407	SAOUHSC_00407	YP_498993.1		0	0	0	12	1	0	0	0	0	0	0	0	0	11	1	0	5000	0	0	0	0	0	0	11	0	5000
SAOUHSC_00408	SAOUHSC_00408	YP_498994.1		0	0	0	10	1	0	0	0	0	0	0	0	0	9	1	0	5000	0	0	0	0	0	0	9	0	5000
SAOUHSC_00409	SAOUHSC_00409	YP_498995.1		0	0	0	10	9	0	0	0	0	0	0	0	0	1	9	0	5000	0	0	0	0	0	0	1	0	5000
SAOUHSC_00410	SAOUHSC_00410	YP_498996.1		0	0	0	10	0	0	0	0	0	0	0	0	0	10	0	0	0	0	0	0	0	0	0	10	0	5000
SAOUHSC_00411	SAOUHSC_00411	YP_498997.1		0	0	0	5	0	0	0	0	0	0	0	0	0	5	0	0	0	0	0	0	0	0	0	5	0	5000
SAOUHSC_00412	SAOUHSC_00412	YP_498998.1		0	0	0	1	0	0	0	0	0	0	0	0	0	1	0	0	0	0	0	0	0	0	0	1	0	5000
SAOUHSC_00413	SAOUHSC_00413	YP_498999.1		0	0	0	1	0	0	0	0	0	0	0	0	0	1	0	0	0	0	0	0	0	0	0	1	0	5000
SAOUHSC_00439	SAOUHSC_00439	YP_499022.1		0	0	0	1	1	0	0	0	0	0	0	0	0	0	1	0	5000	0	0	0	0	0	0	0	0	0
SAOUHSC_00440	SAOUHSC_00440	YP_499023.1		0	0	0	1	1	0	0	0	0	0	0	0	0	0	1	0	5000	0	0	0	0	0	0	0	0	0
SAOUHSC_00441	SAOUHSC_00441	YP_499024.1		0	0	0	1	1	0	0	0	0	0	0	0	0	0	1	0	5000	0	0	0	0	0	0	0	0	0
SAOUHSC_00442	SAOUHSC_00442	YP_499025.1		0	0	0	1	1	0	0	0	0	0	0	0	0	0	1	0	5000	0	0	0	0	0	0	0	0	0
SAOUHSC_00444	SAOUHSC_00444	YP_499026.1		0	0	0	1	1	0	0	0	0	0	0	0	0	0	1	0	5000	0	0	0	0	0	0	0	0	0
SAOUHSC_00446	SAOUHSC_00446	YP_499028.1		0	0	0	1	1	0	0	0	0	0	0	0	0	0	1	0	5000	0	0	0	0	0	0	0	0	0
SAOUHSC_00450	SAOUHSC_00450	YP_499029.1		0	0	0	2	0	0	0	0	0	0	0	0	0	2	0	0	0	0	0	0	0	0	0	2	0	5000
SAOUHSC_00452	SAOUHSC_00452	YP_499031.1		0	0	0	2	0	0	0	0	0	0	0	0	0	2	0	0	0	0	0	0	0	0	0	2	0	5000
SAOUHSC_00454	SAOUHSC_00454	YP_499033.1		0	0	0	2	0	0	0	0	0	0	0	0	0	2	0	0	0	0	0	0	0	0	0	2	0	5000
SAOUHSC_00455	SAOUHSC_00455	YP_499034.1		0	0	0	2	0	0	0	0	0	0	0	0	0	2	0	0	0	0	0	0	0	0	0	2	0	5000
SAOUHSC_00497	SAOUHSC_00497	YP_499071.1		0	0	0	1	1	0	0	0	0	0	0	0	0	0	1	0	5000	0	0	0	0	0	0	0	0	0
SAOUHSC_00499	SAOUHSC_00499	YP_499072.1		0	0	0	1	0	0	0	0	0	0	0	0	0	1	0	0	0	0	0	0	0	0	0	1	0	5000
SAOUHSC_00500	SAOUHSC_00500	YP_499073.1		0	0	0	1	0	0	0	0	0	0	0	0	0	1	0	0	0	0	0	0	0	0	0	1	0	5000
SAOUHSC_00501	SAOUHSC_00501	YP_499074.1		0	0	0	1	1	0	0	0	0	0	0	0	0	0	1	0	5000	0	0	0	0	0	0	0	0	0
SAOUHSC_00502	SAOUHSC_00502	YP_499075.1		0	0	0	1	0	0	0	0	0	0	0	0	0	1	0	0	0	0	0	0	0	0	0	1	0	5000
SAOUHSC_00540	SAOUHSC_00540	YP_499112.1		0	0	0	1	0	0	0	0	0	0	0	0	0	1	0	0	0	0	0	0	0	0	0	1	0	5000
SAOUHSC_00541	SAOUHSC_00541	YP_499113.1		0	0	0	1	1	0	0	0	0	0	0	0	0	0	1	0	5000	0	0	0	0	0	0	0	0	0
SAOUHSC_00542	SAOUHSC_00542	YP_499114.1		0	0	0	1	1	0	0	0	0	0	0	0	0	0	1	0	5000	0	0	0	0	0	0	0	0	0
SAOUHSC_00543	SAOUHSC_00543	YP_499115.1		0	0	0	1	1	0	0	0	0	0	0	0	0	0	1	0	5000	0	0	0	0	0	0	0	0	0
SAOUHSC_00544	SAOUHSC_00544	YP_499117.1		0	1	0	1	1	0	0	0	0	0	0	0	1	0	1	0	5000	1	0	2988	0	0	0	0	0	0
SAOUHSC_00545	SAOUHSC_00545	YP_499118.1		0	0	1	1	0	0	0	0	0	1	0	0	0	1	0	0	0	1	0	4050	0	0	0	1	0	5000
SAOUHSC_00547	SAOUHSC_00547	YP_499119.1		0	0	0	1	0	0	0	0	0	0	0	0	0	1	0	0	0	0	0	0	0	0	0	1	0	5000
SAOUHSC_00548	SAOUHSC_00548	YP_499120.1		0	0	0	1	1	0	0	0	0	0	0	0	0	0	1	0	5000	0	0	0	0	0	0	0	0	0
SAOUHSC_00607	SAOUHSC_00607	YP_499170.1		0	0	0	1	1	0	0	0	0	0	0	0	0	0	1	0	5000	0	0	0	0	0	0	0	0	0
SAOUHSC_00609	SAOUHSC_00609	YP_499172.1		0	0	0	1	1	0	0	0	0	0	0	0	0	0	1	0	5000	0	0	0	0	0	0	0	0	0
SAOUHSC_00610	SAOUHSC_00610	YP_499173.1		0	0	0	1	1	0	0	0	0	0	0	0	0	0	1	0	5000	0	0	0	0	0	0	0	0	0
SAOUHSC_00612	SAOUHSC_00612	YP_499175.1		0	0	0	1	1	0	0	0	0	0	0	0	0	0	1	0	5000	0	0	0	0	0	0	0	0	0
SAOUHSC_00613	SAOUHSC_00613	YP_499176.1		0	0	0	1	0	0	0	0	0	0	0	0	0	1	0	0	0	0	0	0	0	0	0	1	0	5000
SAOUHSC_00614	SAOUHSC_00614	YP_499177.1		0	0	0	1	0	0	0	0	0	0	0	0	0	1	0	0	0	0	0	0	0	0	0	1	0	5000
SAOUHSC_00615	SAOUHSC_00615	YP_499178.1		0	0	0	1	0	0	0	0	0	0	0	0	0	1	0	0	0	0	0	0	0	0	0	1	0	5000
SAOUHSC_00616	SAOUHSC_00616	YP_499179.1		0	0	0	1	0	0	0	0	0	0	0	0	0	1	0	0	0	0	0	0	0	0	0	1	0	5000
SAOUHSC_00617	SAOUHSC_00617	YP_499180.1		0	0	0	1	0	0	0	0	0	0	0	0	0	1	0	0	0	0	0	0	0	0	0	1	0	5000
SAOUHSC_00618	SAOUHSC_00618	YP_499181.1		0	0	0	1	0	0	0	0	0	0	0	0	0	1	0	0	0	0	0	0	0	0	0	1	0	5000
SAOUHSC_00781	SAOUHSC_00781	YP_499338.1		0	0	0	2	2	0	0	0	0	0	0	0	0	0	2	0	5000	0	0	0	0	0	0	0	0	0
SAOUHSC_00782	SAOUHSC_00782	YP_499339.1		0	0	0	2	2	0	0	0	0	0	0	0	0	0	2	0	5000	0	0	0	0	0	0	0	0	0
SAOUHSC_00783	SAOUHSC_00783	YP_499340.1		0	0	0	2	2	0	0	0	0	0	0	0	0	0	2	0	5000	0	0	0	0	0	0	0	0	0
SAOUHSC_00784	SAOUHSC_00784	YP_499341.1		0	0	0	2	2	0	0	0	0	0	0	0	0	0	2	0	5000	0	0	0	0	0	0	0	0	0
SAOUHSC_00785	SAOUHSC_00785	YP_499342.1		0	0	0	2	2	0	0	0	0	0	0	0	0	0	2	0	5000	0	0	0	0	0	0	0	0	0
SAOUHSC_00786	SAOUHSC_00786	YP_499343.1		0	1	1	0	0	0	0	0	0	1	0	0	1	0	0	0	0	2	0	426	0	0	0	0	0	0
SAOUHSC_00787	SAOUHSC_00787	YP_499344.2		0	0	0	2	0	0	0	0	0	0	0	0	0	2	0	0	0	0	0	0	0	0	0	2	0	5000
SAOUHSC_00788	SAOUHSC_00788	YP_499345.1		0	0	0	6	4	0	0	0	0	0	0	0	0	2	4	0	5000	0	0	0	0	0	0	2	0	5000
SAOUHSC_00789	SAOUHSC_00789	YP_499346.1		0	0	0	6	4	0	0	0	0	0	0	0	0	2	4	0	5000	0	0	0	0	0	0	2	0	5000
SAOUHSC_00792	SAOUHSC_00792	YP_499348.1		0	0	0	6	2	0	0	0	0	0	0	0	0	4	2	0	5000	0	0	0	0	0	0	4	0	5000
SAOUHSC_00793	SAOUHSC_00793	YP_499349.1		0	0	0	4	4	0	0	0	0	0	0	0	0	0	4	0	5000	0	0	0	0	0	0	0	0	0
SAOUHSC_00794	SAOUHSC_00794	YP_499350.1		0	0	0	4	0	0	0	0	0	0	0	0	0	4	0	0	0	0	0	0	0	0	0	4	0	5000
SAOUHSC_00795	SAOUHSC_00795	YP_499351.1		0	0	0	4	0	0	0	0	0	0	0	0	0	4	0	0	0	0	0	0	0	0	0	4	0	5000
SAOUHSC_00798	SAOUHSC_00798	YP_499354.1		0	0	0	5	1	0	0	0	0	0	0	0	0	4	1	0	5000	0	0	0	0	0	0	4	0	5000
SAOUHSC_00800	SAOUHSC_00800	YP_499356.1		0	0	0	2	1	0	0	0	0	0	0	0	0	1	1	0	5000	0	0	0	0	0	0	1	0	5000
SAOUHSC_00802	SAOUHSC_00802	YP_499358.1		0	0	0	2	1	0	0	0	0	0	0	0	0	1	1	0	5000	0	0	0	0	0	0	1	0	5000
SAOUHSC_00803	SAOUHSC_00803	YP_499359.1		0	0	0	2	1	0	0	0	0	0	0	0	0	1	1	0	5000	0	0	0	0	0	0	1	0	5000
SAOUHSC_00806	SAOUHSC_00806	YP_499362.1		0	0	0	1	1	0	0	0	0	0	0	0	0	0	1	0	5000	0	0	0	0	0	0	0	0	0
SAOUHSC_00807	SAOUHSC_00807	YP_499363.1		0	0	0	1	1	0	0	0	0	0	0	0	0	0	1	0	5000	0	0	0	0	0	0	0	0	0
SAOUHSC_00808	SAOUHSC_00808	YP_499364.1		0	0	0	1	1	0	0	0	0	0	0	0	0	0	1	0	5000	0	0	0	0	0	0	0	0	0
SAOUHSC_00809	SAOUHSC_00809	YP_499365.1		0	0	0	1	0	0	0	0	0	0	0	0	0	1	0	0	0	0	0	0	0	0	0	1	0	5000
SAOUHSC_00810	SAOUHSC_00810	YP_499366.1		0	0	0	1	0	0	0	0	0	0	0	0	0	1	0	0	0	0	0	0	0	0	0	1	0	5000
SAOUHSC_00811	SAOUHSC_00811	YP_499367.1		0	0	0	1	0	0	0	0	0	0	0	0	0	1	0	0	0	0	0	0	0	0	0	1	0	5000
SAOUHSC_00812	SAOUHSC_00812	YP_499368.1		0	0	0	1	0	0	0	0	0	0	0	0	0	1	0	0	0	0	0	0	0	0	0	1	0	5000
SAOUHSC_00960	SAOUHSC_00960	YP_499513.1		0	0	0	5	5	0	0	0	0	0	0	0	0	0	5	0	5000	0	0	0	0	0	0	0	0	0
SAOUHSC_00961	SAOUHSC_00961	YP_499514.1		0	0	0	5	0	0	0	0	0	0	0	0	0	5	0	0	0	0	0	0	0	0	0	5	0	5000
SAOUHSC_00962	SAOUHSC_00962	YP_499515.1		0	0	0	5	5	0	0	0	0	0	0	0	0	0	5	0	5000	0	0	0	0	0	0	0	0	0
SAOUHSC_00963	SAOUHSC_00963	YP_499516.1		0	0	0	5	0	0	0	0	0	0	0	0	0	5	0	0	0	0	0	0	0	0	0	5	0	5000
SAOUHSC_00964	SAOUHSC_00964	YP_499517.1		0	0	0	5	5	0	0	0	0	0	0	0	0	0	5	0	5000	0	0	0	0	0	0	0	0	0
SAOUHSC_00965	SAOUHSC_00965	YP_499518.1		0	0	0	6	6	0	0	0	0	0	0	0	0	0	6	0	5000	0	0	0	0	0	0	0	0	0
SAOUHSC_00966	SAOUHSC_00966	YP_499519.1		0	0	0	6	1	0	0	0	0	0	0	0	0	5	1	0	5000	0	0	0	0	0	0	5	0	5000
SAOUHSC_00967	SAOUHSC_00967	YP_499520.1		0	0	0	6	1	0	0	0	0	0	0	0	0	5	1	0	5000	0	0	0	0	0	0	5	0	5000
SAOUHSC_00968	SAOUHSC_00968	YP_499521.1		0	0	0	6	1	0	0	0	0	0	0	0	0	5	1	0	5000	0	0	0	0	0	0	5	0	5000
SAOUHSC_00969	SAOUHSC_00969	YP_499522.1		0	0	0	6	1	0	0	0	0	0	0	0	0	5	1	0	5000	0	0	0	0	0	0	5	0	5000
SAOUHSC_00970	SAOUHSC_00970	YP_499523.1		0	0	0	6	1	0	0	0	0	0	0	0	0	5	1	0	5000	0	0	0	0	0	0	5	0	5000
SAOUHSC_00971	SAOUHSC_00971	YP_499524.1		0	0	0	6	5	0	0	0	0	0	0	0	0	1	5	0	5000	0	0	0	0	0	0	1	0	5000
SAOUHSC_00972	SAOUHSC_00972	YP_499525.1		0	0	0	6	0	0	0	0	0	0	0	0	0	6	0	0	0	0	0	0	0	0	0	6	0	5000
SAOUHSC_00975	SAOUHSC_00975	YP_499528.1		0	0	0	1	1	0	0	0	0	0	0	0	0	0	1	0	5000	0	0	0	0	0	0	0	0	0
SAOUHSC_00976	SAOUHSC_00976	YP_499529.1		0	0	0	1	0	0	0	0	0	0	0	0	0	1	0	0	0	0	0	0	0	0	0	1	0	5000
SAOUHSC_00977	SAOUHSC_00977	YP_499530.1		0	0	0	1	1	0	0	0	0	0	0	0	0	0	1	0	5000	0	0	0	0	0	0	0	0	0
SAOUHSC_00978	SAOUHSC_00978	YP_499531.1		0	0	0	1	1	0	0	0	0	0	0	0	0	0	1	0	5000	0	0	0	0	0	0	0	0	0
SAOUHSC_00979	SAOUHSC_00979	YP_499532.1		0	0	0	1	0	0	0	0	0	0	0	0	0	1	0	0	0	0	0	0	0	0	0	1	0	5000
SAOUHSC_01090	SAOUHSC_01090	YP_499635.1		0	0	0	1	1	0	0	0	0	0	0	0	0	0	1	0	5000	0	0	0	0	0	0	0	0	0
SAOUHSC_01091	SAOUHSC_01091	YP_499636.1		0	0	0	1	1	0	0	0	0	0	0	0	0	0	1	0	5000	0	0	0	0	0	0	0	0	0
SAOUHSC_01095	SAOUHSC_01095	YP_499639.1		0	0	0	1	1	0	0	0	0	0	0	0	0	0	1	0	5000	0	0	0	0	0	0	0	0	0
SAOUHSC_01096	SAOUHSC_01096	YP_499640.1		0	0	0	1	0	0	0	0	0	0	0	0	0	1	0	0	0	0	0	0	0	0	0	1	0	5000
SAOUHSC_01097	SAOUHSC_01097	YP_499641.1		0	0	0	1	0	0	0	0	0	0	0	0	0	1	0	0	0	0	0	0	0	0	0	1	0	5000
SAOUHSC_01098	SAOUHSC_01098	YP_499642.1		0	0	0	1	0	0	0	0	0	0	0	0	0	1	0	0	0	0	0	0	0	0	0	1	0	5000
SAOUHSC_01099	SAOUHSC_01099	YP_499643.1		0	0	0	1	0	0	0	0	0	0	0	0	0	1	0	0	0	0	0	0	0	0	0	1	0	5000
SAOUHSC_01106	SAOUHSC_01106	YP_499650.1		0	0	0	3	3	0	0	0	0	0	0	0	0	0	3	0	5000	0	0	0	0	0	0	0	0	0
SAOUHSC_01107	SAOUHSC_01107	YP_499651.1		0	0	0	3	3	0	0	0	0	0	0	0	0	0	3	0	5000	0	0	0	0	0	0	0	0	0
SAOUHSC_01108	SAOUHSC_01108	YP_499652.1		0	0	0	4	4	0	0	0	0	0	0	0	0	0	4	0	5000	0	0	0	0	0	0	0	0	0
SAOUHSC_01109	SAOUHSC_01109	YP_499653.1		0	0	0	4	4	0	0	0	0	0	0	0	0	0	4	0	5000	0	0	0	0	0	0	0	0	0
SAOUHSC_01110	SAOUHSC_01110	YP_499654.1		0	0	1	3	3	0	0	1	0	0	0	0	0	0	3	0	5000	1	0	330	0	0	0	0	0	0
SAOUHSC_01111	SAOUHSC_01111	YP_499655.1		1	0	0	3	1	0	0	0	0	0	0	1	0	2	1	0	5000	0	0	0	1	0	93	2	0	5000
SAOUHSC_01112	SAOUHSC_01112	YP_499656.1		0	2	0	2	1	0	0	0	0	0	0	0	2	1	1	0	5000	2	0	402	0	0	0	1	0	5000
SAOUHSC_01113	SAOUHSC_01113	YP_499657.1		0	0	0	4	1	0	0	0	0	0	0	0	0	3	1	0	5000	0	0	0	0	0	0	3	0	5000
SAOUHSC_01114	SAOUHSC_01114	YP_499658.1		0	0	0	4	1	0	0	0	0	0	0	0	0	3	1	0	5000	0	0	0	0	0	0	3	0	5000
SAOUHSC_01115	SAOUHSC_01115	YP_499659.1		0	0	0	4	1	0	0	0	0	0	0	0	0	3	1	0	5000	0	0	0	0	0	0	3	0	5000
SAOUHSC_01118	SAOUHSC_01118	YP_499660.1		0	0	0	4	1	0	0	0	0	0	0	0	0	3	1	0	5000	0	0	0	0	0	0	3	0	5000
SAOUHSC_01119	SAOUHSC_01119	YP_499662.1		0	0	0	4	4	0	0	0	0	0	0	0	0	0	4	0	5000	0	0	0	0	0	0	0	0	0
SAOUHSC_01120	SAOUHSC_01120	YP_499664.1		0	0	0	3	3	0	0	0	0	0	0	0	0	0	3	0	5000	0	0	0	0	0	0	0	0	0
SAOUHSC_01121	SAOUHSC_01121	YP_499665.1		0	0	0	2	2	0	0	0	0	0	0	0	0	0	2	0	5000	0	0	0	0	0	0	0	0	0
SAOUHSC_01122	SAOUHSC_01122	YP_499666.1		0	0	0	1	0	0	0	0	0	0	0	0	0	1	0	0	0	0	0	0	0	0	0	1	0	5000
SAOUHSC_01123	SAOUHSC_01123	YP_499667.1		0	0	0	1	0	0	0	0	0	0	0	0	0	1	0	0	0	0	0	0	0	0	0	1	0	5000
SAOUHSC_01124	SAOUHSC_01124	YP_499668.1		0	0	0	1	1	0	0	0	0	0	0	0	0	0	1	0	5000	0	0	0	0	0	0	0	0	0
SAOUHSC_01125	SAOUHSC_01125	YP_499669.1		0	0	0	1	1	0	0	0	0	0	0	0	0	0	1	0	5000	0	0	0	0	0	0	0	0	0
SAOUHSC_01158	SAOUHSC_01158	YP_499698.1		0	0	0	1	1	0	0	0	0	0	0	0	0	0	1	0	5000	0	0	0	0	0	0	0	0	0
SAOUHSC_01160	SAOUHSC_01160	YP_499700.1		0	0	0	1	1	0	0	0	0	0	0	0	0	0	1	0	5000	0	0	0	0	0	0	0	0	0
SAOUHSC_01163	SAOUHSC_01163	YP_499703.1		0	0	0	1	0	0	0	0	0	0	0	0	0	1	0	0	0	0	0	0	0	0	0	1	0	5000
SAOUHSC_01164	SAOUHSC_01164	YP_499704.1		0	0	0	1	0	0	0	0	0	0	0	0	0	1	0	0	0	0	0	0	0	0	0	1	0	5000
SAOUHSC_01165	SAOUHSC_01165	YP_499705.1		0	0	0	1	0	0	0	0	0	0	0	0	0	1	0	0	0	0	0	0	0	0	0	1	0	5000
SAOUHSC_01237	SAOUHSC_01237	YP_499770.1		0	0	0	1	1	0	0	0	0	0	0	0	0	0	1	0	5000	0	0	0	0	0	0	0	0	0
SAOUHSC_01238	SAOUHSC_01238	YP_499771.1		0	0	0	1	1	0	0	0	0	0	0	0	0	0	1	0	5000	0	0	0	0	0	0	0	0	0
SAOUHSC_01239	SAOUHSC_01239	YP_499772.1		0	1	0	0	0	0	0	0	0	0	0	0	1	0	0	0	0	1	0	1185	0	0	0	0	0	0
SAOUHSC_01240	SAOUHSC_01240	YP_499773.1		0	0	0	1	0	0	0	0	0	0	0	0	0	1	0	0	0	0	0	0	0	0	0	1	0	5000
SAOUHSC_01288	SAOUHSC_01288	YP_499819.1		0	0	0	3	3	0	0	0	0	0	0	0	0	0	3	0	5000	0	0	0	0	0	0	0	0	0
SAOUHSC_01289	SAOUHSC_01289	YP_499820.1		0	0	0	4	4	0	0	0	0	0	0	0	0	0	4	0	5000	0	0	0	0	0	0	0	0	0
SAOUHSC_01290	SAOUHSC_01290	YP_499821.1		0	0	0	4	4	0	0	0	0	0	0	0	0	0	4	0	5000	0	0	0	0	0	0	0	0	0
SAOUHSC_01291	SAOUHSC_01291	YP_499822.1		0	0	0	4	4	0	0	0	0	0	0	0	0	0	4	0	5000	0	0	0	0	0	0	0	0	0
SAOUHSC_01292	SAOUHSC_01292	YP_499823.1		0	0	0	4	4	0	0	0	0	0	0	0	0	0	4	0	5000	0	0	0	0	0	0	0	0	0
SAOUHSC_01293	SAOUHSC_01293	YP_499824.1		0	0	0	4	4	0	0	0	0	0	0	0	0	0	4	0	5000	0	0	0	0	0	0	0	0	0
SAOUHSC_01294	SAOUHSC_01294	YP_499825.1		0	0	0	4	4	0	0	0	0	0	0	0	0	0	4	0	5000	0	0	0	0	0	0	0	0	0
SAOUHSC_01295	SAOUHSC_01295	YP_499826.1		0	0	0	4	4	0	0	0	0	0	0	0	0	0	4	0	5000	0	0	0	0	0	0	0	0	0
SAOUHSC_01296	SAOUHSC_01296	YP_499827.1		0	0	0	4	4	0	0	0	0	0	0	0	0	0	4	0	5000	0	0	0	0	0	0	0	0	0
SAOUHSC_01297	SAOUHSC_01297	YP_499828.1		0	0	0	4	4	0	0	0	0	0	0	0	0	0	4	0	5000	0	0	0	0	0	0	0	0	0
SAOUHSC_01298	SAOUHSC_01298	YP_499829.1		0	0	1	3	2	0	0	0	0	1	0	0	0	1	2	0	5000	1	0	123	0	0	0	1	0	5000
SAOUHSC_01299	SAOUHSC_01299	YP_499830.1		0	1	0	3	1	0	0	0	0	0	0	0	1	2	1	0	5000	1	0	102	0	0	0	2	0	5000
SAOUHSC_01300	SAOUHSC_01300	YP_499831.1		0	0	0	4	1	0	0	0	0	0	0	0	0	3	1	0	5000	0	0	0	0	0	0	3	0	5000
SAOUHSC_01301	SAOUHSC_01301	YP_499832.1		0	0	0	4	1	0	0	0	0	0	0	0	0	3	1	0	5000	0	0	0	0	0	0	3	0	5000
SAOUHSC_01304	SAOUHSC_01304	YP_499835.1		0	0	0	4	0	0	0	0	0	0	0	0	0	4	0	0	0	0	0	0	0	0	0	4	0	5000
SAOUHSC_01305	SAOUHSC_01305	YP_499836.1		0	0	0	4	0	0	0	0	0	0	0	0	0	4	0	0	0	0	0	0	0	0	0	4	0	5000
SAOUHSC_01306	SAOUHSC_01306	YP_499837.1		0	0	0	4	0	0	0	0	0	0	0	0	0	4	0	0	0	0	0	0	0	0	0	4	0	5000
SAOUHSC_01307	SAOUHSC_01307	YP_499838.1		0	0	0	4	4	0	0	0	0	0	0	0	0	0	4	0	5000	0	0	0	0	0	0	0	0	0
SAOUHSC_01310	SAOUHSC_01310	YP_499840.1		0	0	0	4	0	0	0	0	0	0	0	0	0	4	0	0	0	0	0	0	0	0	0	4	0	5000
SAOUHSC_01447	SAOUHSC_01447	YP_499969.1		0	3	1	0	0	0	0	0	0	1	0	0	3	0	0	0	0	4	0	28608	0	0	0	0	0	0
SAOUHSC_01501	SAOUHSC_01501	YP_500019.1		0	0	0	1	0	0	0	0	0	0	0	0	0	1	0	0	0	0	0	0	0	0	0	1	0	5000
SAOUHSC_01502	SAOUHSC_01502	YP_500020.1		0	0	0	7	0	0	0	0	0	0	0	0	0	7	0	0	0	0	0	0	0	0	0	7	0	5000
SAOUHSC_01503	SAOUHSC_01503	YP_500021.1		0	0	0	8	0	0	0	0	0	0	0	0	0	8	0	0	0	0	0	0	0	0	0	8	0	5000
SAOUHSC_01504	SAOUHSC_01504	YP_500022.1		0	0	0	8	8	0	0	0	0	0	0	0	0	0	8	0	5000	0	0	0	0	0	0	0	0	0
SAOUHSC_01505	SAOUHSC_01505	YP_500023.1		0	0	0	8	0	0	0	0	0	0	0	0	0	8	0	0	0	0	0	0	0	0	0	8	0	5000
SAOUHSC_01507	SAOUHSC_01507	YP_500024.1		0	0	0	8	0	0	0	0	0	0	0	0	0	8	0	0	0	0	0	0	0	0	0	8	0	5000
SAOUHSC_01508	SAOUHSC_01508	YP_500025.1		0	0	1	7	0	0	0	0	0	1	0	0	0	7	0	0	0	1	0	915	0	0	0	7	0	5000
SAOUHSC_01510	SAOUHSC_01510	YP_500026.1		0	0	0	8	1	0	0	0	0	0	0	0	0	7	1	0	5000	0	0	0	0	0	0	7	0	5000
SAOUHSC_01511	SAOUHSC_01511	YP_500027.1		0	3	1	4	1	0	0	0	0	1	0	0	3	3	1	0	5000	4	0	891	0	0	0	3	0	5000
SAOUHSC_01512	SAOUHSC_01512	YP_500028.1		0	2	1	5	5	0	0	0	0	1	0	0	2	0	5	0	5000	3	0	918	0	0	0	0	0	0
SAOUHSC_01513	SAOUHSC_01513	YP_500029.1		0	0	0	8	8	0	0	0	0	0	0	0	0	0	8	0	5000	0	0	0	0	0	0	0	0	0
SAOUHSC_01514	SAOUHSC_01514	YP_500030.1		0	0	0	8	8	0	0	0	0	0	0	0	0	0	8	0	5000	0	0	0	0	0	0	0	0	0
SAOUHSC_01515	SAOUHSC_01515	YP_500032.1		0	0	0	8	8	0	0	0	0	0	0	0	0	0	8	0	5000	0	0	0	0	0	0	0	0	0
SAOUHSC_01516	SAOUHSC_01516	YP_500033.1		0	0	0	5	5	0	0	0	0	0	0	0	0	0	5	0	5000	0	0	0	0	0	0	0	0	0
SAOUHSC_01517	SAOUHSC_01517	YP_500034.1		0	0	0	3	3	0	0	0	0	0	0	0	0	0	3	0	5000	0	0	0	0	0	0	0	0	0
SAOUHSC_01518	SAOUHSC_01518	YP_500035.1		0	0	0	1	1	0	0	0	0	0	0	0	0	0	1	0	5000	0	0	0	0	0	0	0	0	0
SAOUHSC_01519	SAOUHSC_01519	YP_500036.1		0	0	0	1	1	0	0	0	0	0	0	0	0	0	1	0	5000	0	0	0	0	0	0	0	0	0
SAOUHSC_01576	SAOUHSC_01576	YP_500092.1		0	0	0	6	6	0	0	0	0	0	0	0	0	0	6	0	5000	0	0	0	0	0	0	0	0	0
SAOUHSC_01577	SAOUHSC_01577	YP_500093.1		0	0	0	9	9	0	0	0	0	0	0	0	0	0	9	0	5000	0	0	0	0	0	0	0	0	0
SAOUHSC_01578	SAOUHSC_01578	YP_500094.1		0	0	0	9	9	0	0	0	0	0	0	0	0	0	9	0	5000	0	0	0	0	0	0	0	0	0
SAOUHSC_01579	SAOUHSC_01579	YP_500095.1		0	0	0	9	9	0	0	0	0	0	0	0	0	0	9	0	5000	0	0	0	0	0	0	0	0	0
SAOUHSC_01580	SAOUHSC_01580	YP_500096.1		0	0	0	9	0	0	0	0	0	0	0	0	0	9	0	0	0	0	0	0	0	0	0	9	0	5000
SAOUHSC_01582	SAOUHSC_01582	YP_500097.1		0	0	0	9	9	0	0	0	0	0	0	0	0	0	9	0	5000	0	0	0	0	0	0	0	0	0
SAOUHSC_01583	SAOUHSC_01583	YP_500098.1		0	1	3	5	0	0	0	0	0	3	0	0	1	5	0	0	0	4	0	2028	0	0	0	5	0	5000
SAOUHSC_01584	SAOUHSC_01584	YP_500099.1		0	5	0	4	4	0	0	0	0	0	0	0	5	0	4	0	5000	5	0	870	0	0	0	0	0	0
SAOUHSC_01585	SAOUHSC_01585	YP_500100.1		0	0	0	9	9	0	0	0	0	0	0	0	0	0	9	0	5000	0	0	0	0	0	0	0	0	0
SAOUHSC_01586	SAOUHSC_01586	YP_500101.1		0	0	0	9	9	0	0	0	0	0	0	0	0	0	9	0	5000	0	0	0	0	0	0	0	0	0
SAOUHSC_01587	SAOUHSC_01587	YP_500102.1		0	0	0	9	9	0	0	0	0	0	0	0	0	0	9	0	5000	0	0	0	0	0	0	0	0	0
SAOUHSC_01588	SAOUHSC_01588	YP_500103.1		0	0	0	9	9	0	0	0	0	0	0	0	0	0	9	0	5000	0	0	0	0	0	0	0	0	0
SAOUHSC_01589	SAOUHSC_01589	YP_500104.1		0	0	0	5	5	0	0	0	0	0	0	0	0	0	5	0	5000	0	0	0	0	0	0	0	0	0
SAOUHSC_01659	SAOUHSC_01659	YP_500170.1		0	0	0	1	0	0	0	0	0	0	0	0	0	1	0	0	0	0	0	0	0	0	0	1	0	5000
SAOUHSC_01660	SAOUHSC_01660	YP_500171.1		0	0	0	1	0	0	0	0	0	0	0	0	0	1	0	0	0	0	0	0	0	0	0	1	0	5000
SAOUHSC_01661	SAOUHSC_01661	YP_500172.1		0	0	0	1	0	0	0	0	0	0	0	0	0	1	0	0	0	0	0	0	0	0	0	1	0	5000
SAOUHSC_01662	SAOUHSC_01662	YP_500173.1		0	0	0	1	0	0	0	0	0	0	0	0	0	1	0	0	0	0	0	0	0	0	0	1	0	5000
SAOUHSC_01663	SAOUHSC_01663	YP_500174.1		0	0	1	0	0	0	0	0	1	0	0	0	0	0	0	0	0	1	0	1800	0	0	0	0	0	0
SAOUHSC_01664	SAOUHSC_01664	YP_500175.1		0	0	0	1	1	0	0	0	0	0	0	0	0	0	1	0	5000	0	0	0	0	0	0	0	0	0
SAOUHSC_01665	SAOUHSC_01665	YP_500176.1		0	0	0	1	1	0	0	0	0	0	0	0	0	0	1	0	5000	0	0	0	0	0	0	0	0	0
SAOUHSC_01666	SAOUHSC_01666	YP_500177.1		0	0	0	1	0	0	0	0	0	0	0	0	0	1	0	0	0	0	0	0	0	0	0	1	0	5000
SAOUHSC_01667	SAOUHSC_01667	YP_500178.1		0	0	0	1	1	0	0	0	0	0	0	0	0	0	1	0	5000	0	0	0	0	0	0	0	0	0
SAOUHSC_01752	SAOUHSC_01752	YP_500258.1		0	0	0	1	0	0	0	0	0	0	0	0	0	1	0	0	0	0	0	0	0	0	0	1	0	5000
SAOUHSC_01756	SAOUHSC_01756	YP_500261.1		0	0	0	1	1	0	0	0	0	0	0	0	0	0	1	0	5000	0	0	0	0	0	0	0	0	0
SAOUHSC_01758	SAOUHSC_01758	YP_500263.1		0	0	0	1	1	0	0	0	0	0	0	0	0	0	1	0	5000	0	0	0	0	0	0	0	0	0
SAOUHSC_01759	SAOUHSC_01759	YP_500264.1		0	0	0	1	1	0	0	0	0	0	0	0	0	0	1	0	5000	0	0	0	0	0	0	0	0	0
SAOUHSC_01760	SAOUHSC_01760	YP_500265.1		0	0	0	1	1	0	0	0	0	0	0	0	0	0	1	0	5000	0	0	0	0	0	0	0	0	0
SAOUHSC_01761	SAOUHSC_01761	YP_500266.1		0	0	0	1	1	0	0	0	0	0	0	0	0	0	1	0	5000	0	0	0	0	0	0	0	0	0
SAOUHSC_01761a	SAOUHSC_01761a	YP_008530242.1		0	0	0	1	0	0	0	0	0	0	0	0	0	1	0	0	0	0	0	0	0	0	0	1	0	5000
SAOUHSC_01762	SAOUHSC_01762	YP_500267.1		0	0	0	1	1	0	0	0	0	0	0	0	0	0	1	0	5000	0	0	0	0	0	0	0	0	0
SAOUHSC_01764	SAOUHSC_01764	YP_500269.1		0	0	0	1	1	0	0	0	0	0	0	0	0	0	1	0	5000	0	0	0	0	0	0	0	0	0
SAOUHSC_01873	SAOUHSC_01873	YP_500376.1		0	6	0	0	0	0	0	0	0	0	0	0	6	0	0	0	0	6	0	6561	0	0	0	0	0	0
SAOUHSC_01874	SAOUHSC_01874	YP_500377.1		0	0	0	6	6	0	0	0	0	0	0	0	0	0	6	0	5000	0	0	0	0	0	0	0	0	0
SAOUHSC_01876	SAOUHSC_01876	YP_500379.1		0	0	0	6	6	0	0	0	0	0	0	0	0	0	6	0	5000	0	0	0	0	0	0	0	0	0
SAOUHSC_01954	SAOUHSC_01954	YP_500453.1		0	0	0	2	0	0	0	0	0	0	0	0	0	2	0	0	0	0	0	0	0	0	0	2	0	5000
SAOUHSC_01955	SAOUHSC_01955	YP_500454.1		0	0	0	2	0	0	0	0	0	0	0	0	0	2	0	0	0	0	0	0	0	0	0	2	0	5000
SAOUHSC_01956	SAOUHSC_01956	YP_500455.1		0	0	0	2	2	0	0	0	0	0	0	0	0	0	2	0	5000	0	0	0	0	0	0	0	0	0
SAOUHSC_01957	SAOUHSC_01957	YP_500456.1		0	0	0	2	2	0	0	0	0	0	0	0	0	0	2	0	5000	0	0	0	0	0	0	0	0	0
SAOUHSC_01958	SAOUHSC_01958	YP_500457.1		0	0	0	2	2	0	0	0	0	0	0	0	0	0	2	0	5000	0	0	0	0	0	0	0	0	0
SAOUHSC_01960	SAOUHSC_01960	YP_500459.1		0	0	0	2	2	0	0	0	0	0	0	0	0	0	2	0	5000	0	0	0	0	0	0	0	0	0
SAOUHSC_02161	SAOUHSC_02161	YP_500650.1		0	0	0	1	0	0	0	0	0	0	0	0	0	1	0	0	0	0	0	0	0	0	0	1	0	5000
SAOUHSC_02164	SAOUHSC_02164	YP_500652.1		0	0	0	1	1	0	0	0	0	0	0	0	0	0	1	0	5000	0	0	0	0	0	0	0	0	0
SAOUHSC_02166	SAOUHSC_02166	YP_500654.1		0	0	0	1	1	0	0	0	0	0	0	0	0	0	1	0	5000	0	0	0	0	0	0	0	0	0
SAOUHSC_02167	SAOUHSC_02167	YP_500655.1		0	0	0	1	0	0	0	0	0	0	0	0	0	1	0	0	0	0	0	0	0	0	0	1	0	5000
SAOUHSC_02169	SAOUHSC_02169	YP_500656.1		0	0	0	6	6	0	0	0	0	0	0	0	0	0	6	0	5000	0	0	0	0	0	0	0	0	0
SAOUHSC_02170	SAOUHSC_02170	YP_500657.1		0	0	1	5	0	0	0	0	0	1	0	0	0	5	0	0	0	1	0	297	0	0	0	5	0	5000
SAOUHSC_02171	SAOUHSC_02171	YP_500658.1		0	0	0	6	1	0	0	0	0	0	0	0	0	5	1	0	5000	0	0	0	0	0	0	5	0	5000
SAOUHSC_02173	SAOUHSC_02173	YP_500659.1		0	0	0	6	1	0	0	0	0	0	0	0	0	5	1	0	5000	0	0	0	0	0	0	5	0	5000
SAOUHSC_02174	SAOUHSC_02174	YP_500660.1		0	0	0	6	1	0	0	0	0	0	0	0	0	5	1	0	5000	0	0	0	0	0	0	5	0	5000
SAOUHSC_02175	SAOUHSC_02175	YP_500661.1		0	0	0	6	5	0	0	0	0	0	0	0	0	1	5	0	5000	0	0	0	0	0	0	1	0	5000
SAOUHSC_02176	SAOUHSC_02176	YP_500662.1		0	0	0	6	1	0	0	0	0	0	0	0	0	5	1	0	5000	0	0	0	0	0	0	5	0	5000
SAOUHSC_02177	SAOUHSC_02177	YP_500663.1		0	0	0	6	1	0	0	0	0	0	0	0	0	5	1	0	5000	0	0	0	0	0	0	5	0	5000
SAOUHSC_02178	SAOUHSC_02178	YP_500664.1		0	0	0	6	1	0	0	0	0	0	0	0	0	5	1	0	5000	0	0	0	0	0	0	5	0	5000
SAOUHSC_02179	SAOUHSC_02179	YP_500665.1		0	1	4	1	1	0	0	0	0	4	0	0	1	0	1	0	5000	5	0	153	0	0	0	0	0	0
SAOUHSC_02180	SAOUHSC_02180	YP_500666.1		0	0	0	8	6	0	0	0	0	0	0	0	0	2	6	0	5000	0	0	0	0	0	0	2	0	5000
SAOUHSC_02181	SAOUHSC_02181	YP_500667.1		0	0	0	7	5	0	0	0	0	0	0	0	0	2	5	0	5000	0	0	0	0	0	0	2	0	5000
SAOUHSC_02182	SAOUHSC_02182	YP_500668.1		0	2	0	0	0	0	0	0	0	0	0	0	2	0	0	0	0	2	0	4653	0	0	0	0	0	0
SAOUHSC_02183	SAOUHSC_02183	YP_500669.1		0	0	0	2	2	0	0	0	0	0	0	0	0	0	2	0	5000	0	0	0	0	0	0	0	0	0
SAOUHSC_02184	SAOUHSC_02184	YP_500670.1		0	0	0	2	2	0	0	0	0	0	0	0	0	0	2	0	5000	0	0	0	0	0	0	0	0	0
SAOUHSC_02185	SAOUHSC_02185	YP_500671.1		0	0	0	2	2	0	0	0	0	0	0	0	0	0	2	0	5000	0	0	0	0	0	0	0	0	0
SAOUHSC_02186	SAOUHSC_02186	YP_500672.1		0	0	0	2	2	0	0	0	0	0	0	0	0	0	2	0	5000	0	0	0	0	0	0	0	0	0
SAOUHSC_02187	SAOUHSC_02187	YP_500673.1		0	0	0	2	2	0	0	0	0	0	0	0	0	0	2	0	5000	0	0	0	0	0	0	0	0	0
SAOUHSC_02188	SAOUHSC_02188	YP_500674.1		0	0	0	2	2	0	0	0	0	0	0	0	0	0	2	0	5000	0	0	0	0	0	0	0	0	0
SAOUHSC_02197	SAOUHSC_02197	YP_500682.1		0	0	0	3	0	0	0	0	0	0	0	0	0	3	0	0	0	0	0	0	0	0	0	3	0	5000
SAOUHSC_02198	SAOUHSC_02198	YP_500683.1		0	0	0	3	0	0	0	0	0	0	0	0	0	3	0	0	0	0	0	0	0	0	0	3	0	5000
SAOUHSC_02199	SAOUHSC_02199	YP_500684.1		0	0	0	3	0	0	0	0	0	0	0	0	0	3	0	0	0	0	0	0	0	0	0	3	0	5000
SAOUHSC_02200	SAOUHSC_02200	YP_500685.1		0	0	0	3	0	0	0	0	0	0	0	0	0	3	0	0	0	0	0	0	0	0	0	3	0	5000
SAOUHSC_02202	SAOUHSC_02202	YP_500687.1		0	0	0	3	0	0	0	0	0	0	0	0	0	3	0	0	0	0	0	0	0	0	0	3	0	5000
SAOUHSC_02203	SAOUHSC_02203	YP_500688.1		0	0	0	3	0	0	0	0	0	0	0	0	0	3	0	0	0	0	0	0	0	0	0	3	0	5000
SAOUHSC_02204	SAOUHSC_02204	YP_500689.1		0	0	0	3	0	0	0	0	0	0	0	0	0	3	0	0	0	0	0	0	0	0	0	3	0	5000
SAOUHSC_02205	SAOUHSC_02205	YP_500690.1		0	0	0	3	0	0	0	0	0	0	0	0	0	3	0	0	0	0	0	0	0	0	0	3	0	5000
SAOUHSC_02206	SAOUHSC_02206	YP_500691.1		0	0	0	3	0	0	0	0	0	0	0	0	0	3	0	0	0	0	0	0	0	0	0	3	0	5000
SAOUHSC_02207	SAOUHSC_02207	YP_500692.1		0	0	0	3	0	0	0	0	0	0	0	0	0	3	0	0	0	0	0	0	0	0	0	3	0	5000
SAOUHSC_02208	SAOUHSC_02208	YP_500693.1		0	0	0	3	0	0	0	0	0	0	0	0	0	3	0	0	0	0	0	0	0	0	0	3	0	5000
SAOUHSC_02209	SAOUHSC_02209	YP_500694.1		0	0	0	3	0	0	0	0	0	0	0	0	0	3	0	0	0	0	0	0	0	0	0	3	0	5000
SAOUHSC_02210	SAOUHSC_02210	YP_500695.1		0	0	0	3	0	0	0	0	0	0	0	0	0	3	0	0	0	0	0	0	0	0	0	3	0	5000
SAOUHSC_02211	SAOUHSC_02211	YP_500696.1		0	1	2	0	0	0	0	0	0	2	0	0	1	0	0	0	0	3	0	372	0	0	0	0	0	0
SAOUHSC_02212	SAOUHSC_02212	YP_500697.1		0	0	0	3	3	0	0	0	0	0	0	0	0	0	3	0	5000	0	0	0	0	0	0	0	0	0
SAOUHSC_02213	SAOUHSC_02213	YP_500698.1		0	0	0	3	3	0	0	0	0	0	0	0	0	0	3	0	5000	0	0	0	0	0	0	0	0	0
SAOUHSC_02214	SAOUHSC_02214	YP_500699.1		0	0	0	3	3	0	0	0	0	0	0	0	0	0	3	0	5000	0	0	0	0	0	0	0	0	0
SAOUHSC_02215	SAOUHSC_02215	YP_500700.1		0	0	0	3	3	0	0	0	0	0	0	0	0	0	3	0	5000	0	0	0	0	0	0	0	0	0
SAOUHSC_02216	SAOUHSC_02216	YP_500701.1		0	0	0	3	3	0	0	0	0	0	0	0	0	0	3	0	5000	0	0	0	0	0	0	0	0	0
SAOUHSC_02217	SAOUHSC_02217	YP_500702.1		0	0	0	3	3	0	0	0	0	0	0	0	0	0	3	0	5000	0	0	0	0	0	0	0	0	0
SAOUHSC_02218	SAOUHSC_02218	YP_500703.1		0	0	0	3	0	0	0	0	0	0	0	0	0	3	0	0	0	0	0	0	0	0	0	3	0	5000
SAOUHSC_02219	SAOUHSC_02219	YP_500704.1		0	0	0	3	3	0	0	0	0	0	0	0	0	0	3	0	5000	0	0	0	0	0	0	0	0	0
SAOUHSC_02220	SAOUHSC_02220	YP_500705.1		0	0	0	3	3	0	0	0	0	0	0	0	0	0	3	0	5000	0	0	0	0	0	0	0	0	0
SAOUHSC_02221	SAOUHSC_02221	YP_500706.1		0	0	0	3	3	0	0	0	0	0	0	0	0	0	3	0	5000	0	0	0	0	0	0	0	0	0
SAOUHSC_02404	SAOUHSC_02404	YP_500880.1		0	1	1	0	0	0	0	0	0	0	1	0	1	0	0	0	0	2	0	7437	0	0	0	0	0	0
SAOUHSC_02406	SAOUHSC_02406	YP_500882.1		0	0	0	2	2	0	0	0	0	0	0	0	0	0	2	0	5000	0	0	0	0	0	0	0	0	0
SAOUHSC_02407	SAOUHSC_02407	YP_500883.1		0	0	0	2	2	0	0	0	0	0	0	0	0	0	2	0	5000	0	0	0	0	0	0	0	0	0
SAOUHSC_02409	SAOUHSC_02409	YP_500884.1		0	0	0	2	2	0	0	0	0	0	0	0	0	0	2	0	5000	0	0	0	0	0	0	0	0	0
SAOUHSC_02434	SAOUHSC_02434	YP_500903.1		0	0	0	2	0	0	0	0	0	0	0	0	0	2	0	0	0	0	0	0	0	0	0	2	0	5000
SAOUHSC_02435	SAOUHSC_02435	YP_500904.1		0	0	0	3	0	0	0	0	0	0	0	0	0	3	0	0	0	0	0	0	0	0	0	3	0	5000
SAOUHSC_02436	SAOUHSC_02436	YP_500905.1		0	0	0	3	3	0	0	0	0	0	0	0	0	0	3	0	5000	0	0	0	0	0	0	0	0	0
SAOUHSC_02441	SAOUHSC_02441	YP_500909.1		0	0	0	3	3	0	0	0	0	0	0	0	0	0	3	0	5000	0	0	0	0	0	0	0	0	0
SAOUHSC_02442	SAOUHSC_02442	YP_500910.1		0	0	0	3	3	0	0	0	0	0	0	0	0	0	3	0	5000	0	0	0	0	0	0	0	0	0
SAOUHSC_02443	SAOUHSC_02443	YP_500911.1		0	0	0	3	3	0	0	0	0	0	0	0	0	0	3	0	5000	0	0	0	0	0	0	0	0	0
SAOUHSC_02444	SAOUHSC_02444	YP_500912.1		0	0	0	3	3	0	0	0	0	0	0	0	0	0	3	0	5000	0	0	0	0	0	0	0	0	0
SAOUHSC_02445	SAOUHSC_02445	YP_500913.1		0	0	0	3	3	0	0	0	0	0	0	0	0	0	3	0	5000	0	0	0	0	0	0	0	0	0
SAOUHSC_02447	SAOUHSC_02447	YP_500914.1		0	0	0	1	1	0	0	0	0	0	0	0	0	0	1	0	5000	0	0	0	0	0	0	0	0	0
SAOUHSC_02449	SAOUHSC_02449	YP_500916.1		0	0	0	1	0	0	0	0	0	0	0	0	0	1	0	0	0	0	0	0	0	0	0	1	0	5000
SAOUHSC_02450	SAOUHSC_02450	YP_500917.1		0	0	0	1	0	0	0	0	0	0	0	0	0	1	0	0	0	0	0	0	0	0	0	1	0	5000
SAOUHSC_02451	SAOUHSC_02451	YP_500918.1		0	0	0	1	0	0	0	0	0	0	0	0	0	1	0	0	0	0	0	0	0	0	0	1	0	5000
SAOUHSC_02452	SAOUHSC_02452	YP_500919.1		0	0	0	1	0	0	0	0	0	0	0	0	0	1	0	0	0	0	0	0	0	0	0	1	0	5000
SAOUHSC_02453	SAOUHSC_02453	YP_500920.1		0	1	0	0	0	0	0	0	0	0	0	0	1	0	0	0	0	1	0	933	0	0	0	0	0	0
SAOUHSC_02454	SAOUHSC_02454	YP_500921.1		0	0	0	1	1	0	0	0	0	0	0	0	0	0	1	0	5000	0	0	0	0	0	0	0	0	0
SAOUHSC_02455	SAOUHSC_02455	YP_500922.1		0	0	0	1	1	0	0	0	0	0	0	0	0	0	1	0	5000	0	0	0	0	0	0	0	0	0
SAOUHSC_02456	SAOUHSC_02456	YP_500923.1		0	0	0	1	1	0	0	0	0	0	0	0	0	0	1	0	5000	0	0	0	0	0	0	0	0	0
SAOUHSC_02457	SAOUHSC_02457	YP_500924.1		0	0	0	1	0	0	0	0	0	0	0	0	0	1	0	0	0	0	0	0	0	0	0	1	0	5000
SAOUHSC_02458	SAOUHSC_02458	YP_500926.1		0	0	0	1	1	0	0	0	0	0	0	0	0	0	1	0	5000	0	0	0	0	0	0	0	0	0
SAOUHSC_02459	SAOUHSC_02459	YP_500927.1		0	0	0	1	1	0	0	0	0	0	0	0	0	0	1	0	5000	0	0	0	0	0	0	0	0	0
SAOUHSC_02460	SAOUHSC_02460	YP_500928.1		0	0	0	1	1	0	0	0	0	0	0	0	0	0	1	0	5000	0	0	0	0	0	0	0	0	0
SAOUHSC_02463	SAOUHSC_02463	YP_500931.1		0	0	0	1	1	0	0	0	0	0	0	0	0	0	1	0	5000	0	0	0	0	0	0	0	0	0
SAOUHSC_02464	SAOUHSC_02464	YP_500932.1		0	0	0	1	0	0	0	0	0	0	0	0	0	1	0	0	0	0	0	0	0	0	0	1	0	5000
SAOUHSC_02465	SAOUHSC_02465	YP_500933.1		0	0	0	4	0	0	0	0	0	0	0	0	0	4	0	0	0	0	0	0	0	0	0	4	0	5000
SAOUHSC_02467	SAOUHSC_02467	YP_500935.1		0	0	0	4	1	0	0	0	0	0	0	0	0	3	1	0	5000	0	0	0	0	0	0	3	0	5000
SAOUHSC_02468	SAOUHSC_02468	YP_500936.1		0	0	0	4	1	0	0	0	0	0	0	0	0	3	1	0	5000	0	0	0	0	0	0	3	0	5000
SAOUHSC_02469	SAOUHSC_02469	YP_500937.1		0	0	0	4	3	0	0	0	0	0	0	0	0	1	3	0	5000	0	0	0	0	0	0	1	0	5000
SAOUHSC_02470	SAOUHSC_02470	YP_500938.1		0	0	0	4	1	0	0	0	0	0	0	0	0	3	1	0	5000	0	0	0	0	0	0	3	0	5000
SAOUHSC_02471	SAOUHSC_02471	YP_500939.1		0	0	0	5	4	0	0	0	0	0	0	0	0	1	4	0	5000	0	0	0	0	0	0	1	0	5000
SAOUHSC_02472	SAOUHSC_02472	YP_500940.1		0	0	0	4	3	0	0	0	0	0	0	0	0	1	3	0	5000	0	0	0	0	0	0	1	0	5000
SAOUHSC_02473	SAOUHSC_02473	YP_500941.1		0	0	0	4	3	0	0	0	0	0	0	0	0	1	3	0	5000	0	0	0	0	0	0	1	0	5000
SAOUHSC_02474	SAOUHSC_02474	YP_500942.1		0	0	0	4	3	0	0	0	0	0	0	0	0	1	3	0	5000	0	0	0	0	0	0	1	0	5000
SAOUHSC_02475	SAOUHSC_02475	YP_500943.1		0	0	0	4	3	0	0	0	0	0	0	0	0	1	3	0	5000	0	0	0	0	0	0	1	0	5000
SAOUHSC_02476	SAOUHSC_02476	YP_500944.1		0	0	0	4	3	0	0	0	0	0	0	0	0	1	3	0	5000	0	0	0	0	0	0	1	0	5000
SAOUHSC_02481	SAOUHSC_02481	YP_500949.1		0	0	0	1	1	0	0	0	0	0	0	0	0	0	1	0	5000	0	0	0	0	0	0	0	0	0
SAOUHSC_02667	SAOUHSC_02667	YP_501129.1		0	0	0	1	0	0	0	0	0	0	0	0	0	1	0	0	0	0	0	0	0	0	0	1	0	5000
SAOUHSC_02668	SAOUHSC_02668	YP_501130.1		0	0	0	1	0	0	0	0	0	0	0	0	0	1	0	0	0	0	0	0	0	0	0	1	0	5000
SAOUHSC_02669	SAOUHSC_02669	YP_501131.1		0	0	0	1	1	0	0	0	0	0	0	0	0	0	1	0	5000	0	0	0	0	0	0	0	0	0
SAOUHSC_02670	SAOUHSC_02670	YP_501132.1		0	0	0	1	1	0	0	0	0	0	0	0	0	0	1	0	5000	0	0	0	0	0	0	0	0	0
SAOUHSC_02671	SAOUHSC_02671	YP_501133.1		0	0	0	1	0	0	0	0	0	0	0	0	0	1	0	0	0	0	0	0	0	0	0	1	0	5000
SAOUHSC_02674	SAOUHSC_02674	YP_501136.1		0	0	0	1	0	0	0	0	0	0	0	0	0	1	0	0	0	0	0	0	0	0	0	1	0	5000
SAOUHSC_02675	SAOUHSC_02675	YP_501137.1		0	0	0	1	1	0	0	0	0	0	0	0	0	0	1	0	5000	0	0	0	0	0	0	0	0	0
SAOUHSC_02676	SAOUHSC_02676	YP_501138.1		0	0	0	1	1	0	0	0	0	0	0	0	0	0	1	0	5000	0	0	0	0	0	0	0	0	0
SAOUHSC_02677	SAOUHSC_02677	YP_501139.1		0	0	0	1	1	0	0	0	0	0	0	0	0	0	1	0	5000	0	0	0	0	0	0	0	0	0
SAOUHSC_02678	SAOUHSC_02678	YP_501140.1		0	0	0	1	1	0	0	0	0	0	0	0	0	0	1	0	5000	0	0	0	0	0	0	0	0	0
SAOUHSC_02679	SAOUHSC_02679	YP_501141.1		0	0	0	1	1	0	0	0	0	0	0	0	0	0	1	0	5000	0	0	0	0	0	0	0	0	0
SAOUHSC_02680	SAOUHSC_02680	YP_501142.1		0	0	0	1	0	0	0	0	0	0	0	0	0	1	0	0	0	0	0	0	0	0	0	1	0	5000
SAOUHSC_02681	SAOUHSC_02681	YP_501143.1		0	0	0	1	0	0	0	0	0	0	0	0	0	1	0	0	0	0	0	0	0	0	0	1	0	5000
SAOUHSC_02682	SAOUHSC_02682	YP_501144.1		0	0	1	0	0	0	0	0	0	1	0	0	0	0	0	0	0	1	0	978	0	0	0	0	0	0
SAOUHSC_02683	SAOUHSC_02683	YP_501145.1		0	0	0	1	1	0	0	0	0	0	0	0	0	0	1	0	5000	0	0	0	0	0	0	0	0	0
SAOUHSC_02684	SAOUHSC_02684	YP_501146.1		0	0	0	1	1	0	0	0	0	0	0	0	0	0	1	0	5000	0	0	0	0	0	0	0	0	0
SAOUHSC_02685	SAOUHSC_02685	YP_501147.1		0	0	0	1	1	0	0	0	0	0	0	0	0	0	1	0	5000	0	0	0	0	0	0	0	0	0
SAOUHSC_02686	SAOUHSC_02686	YP_501148.1		0	0	0	1	1	0	0	0	0	0	0	0	0	0	1	0	5000	0	0	0	0	0	0	0	0	0
SAOUHSC_02771	SAOUHSC_02771	YP_501230.1		0	0	0	10	0	0	0	0	0	0	0	0	0	10	0	0	0	0	0	0	0	0	0	10	0	5000
SAOUHSC_02772	SAOUHSC_02772	YP_501231.2		0	0	0	10	0	0	0	0	0	0	0	0	0	10	0	0	0	0	0	0	0	0	0	10	0	5000
SAOUHSC_02773	SAOUHSC_02773	YP_501232.1		0	0	0	10	10	0	0	0	0	0	0	0	0	0	10	0	5000	0	0	0	0	0	0	0	0	0
SAOUHSC_02774	SAOUHSC_02774	YP_501233.1		0	0	0	12	0	0	0	0	0	0	0	0	0	12	0	0	0	0	0	0	0	0	0	12	0	5000
SAOUHSC_02775	SAOUHSC_02775	YP_501234.1		0	5	5	3	0	0	0	0	0	5	0	0	5	3	0	0	0	10	0	420	0	0	0	3	0	5000
SAOUHSC_02776	SAOUHSC_02776	YP_501235.1		0	0	0	13	10	0	0	0	0	0	0	0	0	3	10	0	5000	0	0	0	0	0	0	3	0	5000
SAOUHSC_02777	SAOUHSC_02777	YP_501237.1		0	0	0	13	10	0	0	0	0	0	0	0	0	3	10	0	5000	0	0	0	0	0	0	3	0	5000
SAOUHSC_02778	SAOUHSC_02778	YP_501238.1		0	0	0	13	10	0	0	0	0	0	0	0	0	3	10	0	5000	0	0	0	0	0	0	3	0	5000
SAOUHSC_02779	SAOUHSC_02779	YP_501239.1		0	0	0	26	16	0	0	0	0	0	0	0	0	10	16	0	5000	0	0	0	0	0	0	10	0	5000
SAOUHSC_02780	SAOUHSC_02780	YP_501240.1		0	0	0	27	17	0	0	0	0	0	0	0	0	10	17	0	5000	0	0	0	0	0	0	10	0	5000
SAOUHSC_02781	SAOUHSC_02781	YP_501241.1		0	0	0	27	10	0	0	0	0	0	0	0	0	17	10	0	5000	0	0	0	0	0	0	17	0	5000
SAOUHSC_02782	SAOUHSC_02782	YP_501242.1		0	0	0	29	19	0	0	0	0	0	0	0	0	10	19	0	5000	0	0	0	0	0	0	10	0	5000
SAOUHSC_02783	SAOUHSC_02783	YP_501243.1		0	2	1	26	10	0	0	0	0	1	0	0	2	16	10	0	5000	3	0	795	0	0	0	16	0	5000
SAOUHSC_02784	SAOUHSC_02784	YP_501244.1		0	0	0	19	3	0	0	0	0	0	0	0	0	16	3	0	5000	0	0	0	0	0	0	16	0	5000
SAOUHSC_02785	SAOUHSC_02785	YP_501245.1		0	0	0	19	3	0	0	0	0	0	0	0	0	16	3	0	5000	0	0	0	0	0	0	16	0	5000
SAOUHSC_02788	SAOUHSC_02788	YP_501248.1		0	9	5	5	3	0	0	0	0	5	0	0	9	2	3	0	5000	14	0	786	0	0	0	2	0	5000
SAOUHSC_02789	SAOUHSC_02789	YP_501249.1		0	1	1	17	17	0	0	0	0	1	0	0	1	0	17	0	5000	2	0	702	0	0	0	0	0	0
SAOUHSC_02790	SAOUHSC_02790	YP_501250.1		0	0	0	17	17	0	0	0	0	0	0	0	0	0	17	0	5000	0	0	0	0	0	0	0	0	0
SAOUHSC_02791	SAOUHSC_02791	YP_501251.1		0	0	0	16	16	0	0	0	0	0	0	0	0	0	16	0	5000	0	0	0	0	0	0	0	0	0
SAOUHSC_02793	SAOUHSC_02793	YP_501252.1		0	0	0	10	0	0	0	0	0	0	0	0	0	10	0	0	0	0	0	0	0	0	0	10	0	5000
SAOUHSC_02798	SAOUHSC_02798	YP_501257.1		0	0	0	17	0	0	0	0	0	0	0	0	0	17	0	0	0	0	0	0	0	0	0	17	0	5000
SAOUHSC_02799	SAOUHSC_02799	YP_501258.1		0	0	0	18	0	0	0	0	0	0	0	0	0	18	0	0	0	0	0	0	0	0	0	18	0	5000
SAOUHSC_02800	SAOUHSC_02800	YP_501259.1		0	0	0	18	18	0	0	0	0	0	0	0	0	0	18	0	5000	0	0	0	0	0	0	0	0	0
SAOUHSC_02801	SAOUHSC_02801	YP_501260.1		0	0	0	24	0	0	0	0	0	0	0	0	0	24	0	0	0	0	0	0	0	0	0	24	0	5000
SAOUHSC_02802	SAOUHSC_02802	YP_501261.1		0	9	9	8	0	0	0	0	0	9	0	0	9	8	0	0	0	18	0	2754	0	0	0	8	0	5000
SAOUHSC_02803	SAOUHSC_02803	YP_501262.1		0	5	3	18	18	0	0	0	0	3	0	0	5	0	18	0	5000	8	0	2973	0	0	0	0	0	0
SAOUHSC_02804	SAOUHSC_02804	YP_501263.1		0	0	0	9	9	0	0	0	0	0	0	0	0	0	9	0	5000	0	0	0	0	0	0	0	0	0
SAOUHSC_02805	SAOUHSC_02805	YP_501264.1		0	0	0	9	9	0	0	0	0	0	0	0	0	0	9	0	5000	0	0	0	0	0	0	0	0	0
SAOUHSC_02806	SAOUHSC_02806	YP_501265.1		0	0	0	9	9	0	0	0	0	0	0	0	0	0	9	0	5000	0	0	0	0	0	0	0	0	0
SAOUHSC_02808	SAOUHSC_02808	YP_501266.1		0	0	0	8	8	0	0	0	0	0	0	0	0	0	8	0	5000	0	0	0	0	0	0	0	0	0
SAOUHSC_02815	SAOUHSC_02815	YP_501273.1		0	0	0	1	0	0	0	0	0	0	0	0	0	1	0	0	0	0	0	0	0	0	0	1	0	5000
SAOUHSC_02816	SAOUHSC_02816	YP_501274.1		0	0	0	1	1	0	0	0	0	0	0	0	0	0	1	0	5000	0	0	0	0	0	0	0	0	0
SAOUHSC_02817	SAOUHSC_02817	YP_501275.1		0	0	0	1	0	0	0	0	0	0	0	0	0	1	0	0	0	0	0	0	0	0	0	1	0	5000
SAOUHSC_02818	SAOUHSC_02818	YP_501276.1		0	0	0	1	0	0	0	0	0	0	0	0	0	1	0	0	0	0	0	0	0	0	0	1	0	5000
SAOUHSC_02819	SAOUHSC_02819	YP_501277.1		0	0	0	1	0	0	0	0	0	0	0	0	0	1	0	0	0	0	0	0	0	0	0	1	0	5000
SAOUHSC_02820	SAOUHSC_02820	YP_501278.1		0	0	0	1	0	0	0	0	0	0	0	0	0	1	0	0	0	0	0	0	0	0	0	1	0	5000
SAOUHSC_02821	SAOUHSC_02821	YP_501279.1		0	0	0	1	0	0	0	0	0	0	0	0	0	1	0	0	0	0	0	0	0	0	0	1	0	5000
SAOUHSC_02822	SAOUHSC_02822	YP_501280.1		0	0	0	1	0	0	0	0	0	0	0	0	0	1	0	0	0	0	0	0	0	0	0	1	0	5000
SAOUHSC_02823	SAOUHSC_02823	YP_501282.1		0	0	0	1	0	0	0	0	0	0	0	0	0	1	0	0	0	0	0	0	0	0	0	1	0	5000
SAOUHSC_02841	SAOUHSC_02841	YP_501299.1		0	0	0	2	0	0	0	0	0	0	0	0	0	2	0	0	0	0	0	0	0	0	0	2	0	5000
SAOUHSC_02842	SAOUHSC_02842	YP_501300.1		0	0	0	2	2	0	0	0	0	0	0	0	0	0	2	0	5000	0	0	0	0	0	0	0	0	0
SAOUHSC_02843	SAOUHSC_02843	YP_501301.1		0	0	0	2	2	0	0	0	0	0	0	0	0	0	2	0	5000	0	0	0	0	0	0	0	0	0
SAOUHSC_02844	SAOUHSC_02844	YP_501302.1		0	0	0	2	0	0	0	0	0	0	0	0	0	2	0	0	0	0	0	0	0	0	0	2	0	5000
SAOUHSC_02845	SAOUHSC_02845	YP_501303.1		0	0	0	2	0	0	0	0	0	0	0	0	0	2	0	0	0	0	0	0	0	0	0	2	0	5000
SAOUHSC_02846	SAOUHSC_02846	YP_501304.1		0	0	0	2	0	0	0	0	0	0	0	0	0	2	0	0	0	0	0	0	0	0	0	2	0	5000
SAOUHSC_02848	SAOUHSC_02848	YP_501305.1		0	0	0	2	2	0	0	0	0	0	0	0	0	0	2	0	5000	0	0	0	0	0	0	0	0	0
SAOUHSC_02849	SAOUHSC_02849	YP_501306.1		0	0	0	2	2	0	0	0	0	0	0	0	0	0	2	0	5000	0	0	0	0	0	0	0	0	0
SAOUHSC_02850	SAOUHSC_02850	YP_501307.1		0	0	0	2	2	0	0	0	0	0	0	0	0	0	2	0	5000	0	0	0	0	0	0	0	0	0
SAOUHSC_02886	SAOUHSC_02886	YP_501339.1		0	0	0	1	0	0	0	0	0	0	0	0	0	1	0	0	0	0	0	0	0	0	0	1	0	5000
SAOUHSC_02887	SAOUHSC_02887	YP_501340.1		0	0	0	1	0	0	0	0	0	0	0	0	0	1	0	0	0	0	0	0	0	0	0	1	0	5000
SAOUHSC_02888	SAOUHSC_02888	YP_501341.1		0	0	0	3	0	0	0	0	0	0	0	0	0	3	0	0	0	0	0	0	0	0	0	3	0	5000
SAOUHSC_02889	SAOUHSC_02889	YP_501342.1		0	0	0	3	0	0	0	0	0	0	0	0	0	3	0	0	0	0	0	0	0	0	0	3	0	5000
SAOUHSC_02890	SAOUHSC_02890	YP_501343.1		0	0	0	3	3	0	0	0	0	0	0	0	0	0	3	0	5000	0	0	0	0	0	0	0	0	0
SAOUHSC_02891	SAOUHSC_02891	YP_501344.1		0	0	0	3	3	0	0	0	0	0	0	0	0	0	3	0	5000	0	0	0	0	0	0	0	0	0
SAOUHSC_02892	SAOUHSC_02892	YP_501345.1		0	0	0	3	3	0	0	0	0	0	0	0	0	0	3	0	5000	0	0	0	0	0	0	0	0	0
SAOUHSC_02893	SAOUHSC_02893	YP_501346.1		0	0	0	3	3	0	0	0	0	0	0	0	0	0	3	0	5000	0	0	0	0	0	0	0	0	0
SAOUHSC_02894	SAOUHSC_02894	YP_501347.1		0	0	0	3	1	0	0	0	0	0	0	0	0	2	1	0	5000	0	0	0	0	0	0	2	0	5000
SAOUHSC_02895	SAOUHSC_02895	YP_501348.1		0	0	0	3	1	0	0	0	0	0	0	0	0	2	1	0	5000	0	0	0	0	0	0	2	0	5000
SAOUHSC_02896	SAOUHSC_02896	YP_501349.1		0	1	0	2	1	0	0	0	0	0	0	0	1	1	1	0	5000	1	0	300	0	0	0	1	0	5000
SAOUHSC_02897	SAOUHSC_02897	YP_501350.1		0	0	0	3	0	0	0	0	0	0	0	0	0	3	0	0	0	0	0	0	0	0	0	3	0	5000
SAOUHSC_02898	SAOUHSC_02898	YP_501351.1		0	0	0	3	0	0	0	0	0	0	0	0	0	3	0	0	0	0	0	0	0	0	0	3	0	5000
SAOUHSC_02899	SAOUHSC_02899	YP_501352.1		0	0	0	3	0	0	0	0	0	0	0	0	0	3	0	0	0	0	0	0	0	0	0	3	0	5000
SAOUHSC_02900	SAOUHSC_02900	YP_501353.1		0	0	0	3	0	0	0	0	0	0	0	0	0	3	0	0	0	0	0	0	0	0	0	3	0	5000
SAOUHSC_02901	SAOUHSC_02901	YP_501354.1		0	0	0	2	2	0	0	0	0	0	0	0	0	0	2	0	5000	0	0	0	0	0	0	0	0	0
SAOUHSC_02958	SAOUHSC_02958	YP_501410.1		0	0	0	5	5	0	0	0	0	0	0	0	0	0	5	0	5000	0	0	0	0	0	0	0	0	0
SAOUHSC_02960	SAOUHSC_02960	YP_501411.1		0	0	0	5	5	0	0	0	0	0	0	0	0	0	5	0	5000	0	0	0	0	0	0	0	0	0
SAOUHSC_02961	SAOUHSC_02961	YP_501412.1		0	0	0	5	0	0	0	0	0	0	0	0	0	5	0	0	0	0	0	0	0	0	0	5	0	5000
SAOUHSC_02962	SAOUHSC_02962	YP_501413.1		0	0	0	5	0	0	0	0	0	0	0	0	0	5	0	0	0	0	0	0	0	0	0	5	0	5000
SAOUHSC_02963	SAOUHSC_02963	YP_501414.1		2	0	3	0	0	2	0	1	0	2	0	0	0	0	0	0	0	5	0	2634	0	0	0	0	0	0
SAOUHSC_02964	SAOUHSC_02964	YP_501415.1		0	0	0	5	5	0	0	0	0	0	0	0	0	0	5	0	5000	0	0	0	0	0	0	0	0	0
SAOUHSC_02965	SAOUHSC_02965	YP_501416.1		0	0	0	5	5	0	0	0	0	0	0	0	0	0	5	0	5000	0	0	0	0	0	0	0	0	0
SAOUHSC_02967	SAOUHSC_02967	YP_501417.1		0	0	0	5	5	0	0	0	0	0	0	0	0	0	5	0	5000	0	0	0	0	0	0	0	0	0
SAOUHSC_02968	SAOUHSC_02968	YP_501418.1		0	0	0	5	5	0	0	0	0	0	0	0	0	0	5	0	5000	0	0	0	0	0	0	0	0	0
SAOUHSC_02986	SAOUHSC_02986	YP_501435.1		0	0	0	1	0	0	0	0	0	0	0	0	0	1	0	0	0	0	0	0	0	0	0	1	0	5000
SAOUHSC_02987	SAOUHSC_02987	YP_501436.1		0	0	0	1	0	0	0	0	0	0	0	0	0	1	0	0	0	0	0	0	0	0	0	1	0	5000
SAOUHSC_02988	SAOUHSC_02988	YP_501437.1		0	0	0	1	0	0	0	0	0	0	0	0	0	1	0	0	0	0	0	0	0	0	0	1	0	5000
SAOUHSC_02990	SAOUHSC_02990	YP_501439.1		0	0	1	0	0	0	0	0	0	1	0	0	0	0	0	0	0	1	0	6816	0	0	0	0	0	0
SAOUHSC_03025	SAOUHSC_03025	YP_501474.1		0	0	0	1	1	0	0	0	0	0	0	0	0	0	1	0	5000	0	0	0	0	0	0	0	0	0
SAOUHSC_03026	SAOUHSC_03026	YP_501475.1		0	0	0	1	0	0	0	0	0	0	0	0	0	1	0	0	0	0	0	0	0	0	0	1	0	5000
SAOUHSC_03027	SAOUHSC_03027	YP_501476.1		0	0	0	1	0	0	0	0	0	0	0	0	0	1	0	0	0	0	0	0	0	0	0	1	0	5000
SAOUHSC_03028	SAOUHSC_03028	YP_501477.1		0	0	0	1	1	0	0	0	0	0	0	0	0	0	1	0	5000	0	0	0	0	0	0	0	0	0
SAOUHSC_03030	SAOUHSC_03030	YP_501478.1		0	0	0	1	1	0	0	0	0	0	0	0	0	0	1	0	5000	0	0	0	0	0	0	0	0	0
SAOUHSC_03031	SAOUHSC_03031	YP_501479.1		0	0	0	1	0	0	0	0	0	0	0	0	0	1	0	0	0	0	0	0	0	0	0	1	0	5000
SAOUHSC_03032	SAOUHSC_03032	YP_501480.1		0	0	0	1	0	0	0	0	0	0	0	0	0	1	0	0	0	0	0	0	0	0	0	1	0	5000
SAOUHSC_03033	SAOUHSC_03033	YP_501481.1		0	0	0	10	9	0	0	0	0	0	0	0	0	1	9	0	5000	0	0	0	0	0	0	1	0	5000
SAOUHSC_03034	SAOUHSC_03034	YP_501482.1		0	0	0	10	9	0	0	0	0	0	0	0	0	1	9	0	5000	0	0	0	0	0	0	1	0	5000
SAOUHSC_03035	SAOUHSC_03035	YP_501483.1		0	0	0	10	1	0	0	0	0	0	0	0	0	9	1	0	5000	0	0	0	0	0	0	9	0	5000
SAOUHSC_03036	SAOUHSC_03036	YP_501484.1		0	0	0	10	9	0	0	0	0	0	0	0	0	1	9	0	5000	0	0	0	0	0	0	1	0	5000
SAOUHSC_03037	SAOUHSC_03037	YP_501485.1		0	0	0	10	9	0	0	0	0	0	0	0	0	1	9	0	5000	0	0	0	0	0	0	1	0	5000
SAOUHSC_03037a	SAOUHSC_03037a	YP_008530244.1		0	4	5	0	0	0	0	0	0	5	0	0	4	0	0	0	0	9	0	192	0	0	0	0	0	0
SAOUHSC_03040	SAOUHSC_03040	YP_501487.1		0	0	0	9	0	0	0	0	0	0	0	0	0	9	0	0	0	0	0	0	0	0	0	9	0	5000
SAOUHSC_03041	SAOUHSC_03041	YP_501488.1		0	0	0	9	9	0	0	0	0	0	0	0	0	0	9	0	5000	0	0	0	0	0	0	0	0	0
SAOUHSC_03042	SAOUHSC_03042	YP_501489.1		0	0	0	9	0	0	0	0	0	0	0	0	0	9	0	0	0	0	0	0	0	0	0	9	0	5000
SAOUHSC_03045	SAOUHSC_03045	YP_501491.1		0	0	0	9	0	0	0	0	0	0	0	0	0	9	0	0	0	0	0	0	0	0	0	9	0	5000
SAOUHSC_03046	SAOUHSC_03046	YP_501492.1		0	0	0	9	9	0	0	0	0	0	0	0	0	0	9	0	5000	0	0	0	0	0	0	0	0	0
SAOUHSC_03047	SAOUHSC_03047	YP_501493.1		0	0	0	9	9	0	0	0	0	0	0	0	0	0	9	0	5000	0	0	0	0	0	0	0	0	0
SAOUHSC_03048	SAOUHSC_03048	YP_501494.1		0	0	0	9	9	0	0	0	0	0	0	0	0	0	9	0	5000	0	0	0	0	0	0	0	0	0
SAOUHSC_03049	SAOUHSC_03049	YP_501495.1		0	0	0	9	9	0	0	0	0	0	0	0	0	0	9	0	5000	0	0	0	0	0	0	0	0	0
SAOUHSC_1307a	SAOUHSC_1307a	YP_008530240.1		0	0	0	4	0	0	0	0	0	0	0	0	0	4	0	0	0	0	0	0	0	0	0	4	0	5000
SAOUHSC_3042a	SAOUHSC_3042a	YP_008530245.1		0	0	0	9	0	0	0	0	0	0	0	0	0	9	0	0	0	0	0	0	0	0	0	9	0	5000
SAOUHSC_A00354	SAOUHSC_A00354	YP_498948.1		0	0	0	1	0	0	0	0	0	0	0	0	0	1	0	0	0	0	0	0	0	0	0	1	0	5000
SAOUHSC_A00526	SAOUHSC_A00526	YP_499116.1		0	0	0	2	0	0	0	0	0	0	0	0	0	2	0	0	0	0	0	0	0	0	0	2	0	5000
SAOUHSC_A01081	SAOUHSC_A01081	YP_499663.1		0	0	0	4	4	0	0	0	0	0	0	0	0	0	4	0	5000	0	0	0	0	0	0	0	0	0
SAOUHSC_A02331	SAOUHSC_A02331	YP_500925.1		0	0	0	1	0	0	0	0	0	0	0	0	0	1	0	0	0	0	0	0	0	0	0	1	0	5000
adhA; adhP	SAOUHSC_00608	YP_499171.1		0	0	0	1	1	0	0	0	0	0	0	0	0	0	1	0	5000	0	0	0	0	0	0	0	0	0
argS	SAOUHSC_00611	YP_499174.1		0	0	0	1	1	0	0	0	0	0	0	0	0	0	1	0	5000	0	0	0	0	0	0	0	0	0
cbiO	SAOUHSC_02482	YP_500950.1		0	0	0	1	1	0	0	0	0	0	0	0	0	0	1	0	5000	0	0	0	0	0	0	0	0	0
cbiO	SAOUHSC_02483	YP_500951.1		0	0	0	1	1	0	0	0	0	0	0	0	0	0	1	0	5000	0	0	0	0	0	0	0	0	0
clpP	SAOUHSC_00790	YP_499347.1		0	0	0	6	4	0	0	0	0	0	0	0	0	2	4	0	5000	0	0	0	0	0	0	2	0	5000
eno	SAOUHSC_00799	YP_499355.1		0	0	0	1	1	0	0	0	0	0	0	0	0	0	1	0	5000	0	0	0	0	0	0	0	0	0
frr	SAOUHSC_01236	YP_499769.1		0	0	0	1	1	0	0	0	0	0	0	0	0	0	1	0	5000	0	0	0	0	0	0	0	0	0
glmM	SAOUHSC_02405	YP_500881.1		0	0	0	2	2	0	0	0	0	0	0	0	0	0	2	0	5000	0	0	0	0	0	0	0	0	0
guaA	SAOUHSC_00375	YP_498964.1		0	0	0	10	10	0	0	0	0	0	0	0	0	0	10	0	5000	0	0	0	0	0	0	0	0	0
hemH	SAOUHSC_01961	YP_500460.1		0	0	0	2	2	0	0	0	0	0	0	0	0	0	2	0	5000	0	0	0	0	0	0	0	0	0
ileS	SAOUHSC_01159	YP_499699.1		0	0	0	1	1	0	0	0	0	0	0	0	0	0	1	0	5000	0	0	0	0	0	0	0	0	0
leuS	SAOUHSC_01875	YP_500378.1		0	0	0	6	6	0	0	0	0	0	0	0	0	0	6	0	5000	0	0	0	0	0	0	0	0	0
lspA	SAOUHSC_01162	YP_499702.1		0	0	0	1	0	0	0	0	0	0	0	0	0	1	0	0	0	0	0	0	0	0	0	1	0	5000
obgE	SAOUHSC_01753	YP_500259.1		0	0	0	1	0	0	0	0	0	0	0	0	0	1	0	0	0	0	0	0	0	0	0	1	0	5000
pgk	SAOUHSC_00796	YP_499352.1		0	0	0	5	1	0	0	0	0	0	0	0	0	4	1	0	5000	0	0	0	0	0	0	4	0	5000
pheS	SAOUHSC_01092	YP_499637.1		0	0	0	1	1	0	0	0	0	0	0	0	0	0	1	0	5000	0	0	0	0	0	0	0	0	0
pheT	SAOUHSC_01093	YP_499638.1		0	0	0	1	1	0	0	0	0	0	0	0	0	0	1	0	5000	0	0	0	0	0	0	0	0	0
polC	SAOUHSC_01241	YP_499774.1		0	0	0	1	0	0	0	0	0	0	0	0	0	1	0	0	0	0	0	0	0	0	0	1	0	5000
pyrB	SAOUHSC_01166	YP_499706.1		0	0	0	1	0	0	0	0	0	0	0	0	0	1	0	0	0	0	0	0	0	0	0	1	0	5000
pyrH	SAOUHSC_01235	YP_499768.1		0	0	0	1	1	0	0	0	0	0	0	0	0	0	1	0	5000	0	0	0	0	0	0	0	0	0
queA	SAOUHSC_01749	YP_500255.1		0	0	0	1	0	0	0	0	0	0	0	0	0	1	0	0	0	0	0	0	0	0	0	1	0	5000
radC	SAOUHSC_01763	YP_500268.1		0	0	0	1	1	0	0	0	0	0	0	0	0	0	1	0	5000	0	0	0	0	0	0	0	0	0
recR	SAOUHSC_00445	YP_499027.1		0	0	0	1	1	0	0	0	0	0	0	0	0	0	1	0	5000	0	0	0	0	0	0	0	0	0
rplM	SAOUHSC_02478	YP_500947.1		0	0	0	1	1	0	0	0	0	0	0	0	0	0	1	0	5000	0	0	0	0	0	0	0	0	0
rplQ	SAOUHSC_02484	YP_500952.1		0	0	0	1	1	0	0	0	0	0	0	0	0	0	1	0	5000	0	0	0	0	0	0	0	0	0
rplU	SAOUHSC_01757	YP_500262.1		0	0	0	1	1	0	0	0	0	0	0	0	0	0	1	0	5000	0	0	0	0	0	0	0	0	0
rpmA	SAOUHSC_01755	YP_500260.1		0	0	0	1	1	0	0	0	0	0	0	0	0	0	1	0	5000	0	0	0	0	0	0	0	0	0
rpsI	SAOUHSC_02477	YP_500946.1		0	0	0	1	1	0	0	0	0	0	0	0	0	0	1	0	5000	0	0	0	0	0	0	0	0	0
ruvA	SAOUHSC_01751	YP_500257.1		0	0	0	1	0	0	0	0	0	0	0	0	0	1	0	0	0	0	0	0	0	0	0	1	0	5000
ruvB	SAOUHSC_01750	YP_500256.1		0	0	0	1	0	0	0	0	0	0	0	0	0	1	0	0	0	0	0	0	0	0	0	1	0	5000
sdhA	SAOUHSC_01104	YP_499648.1		0	0	0	3	3	0	0	0	0	0	0	0	0	0	3	0	5000	0	0	0	0	0	0	0	0	0
sdhB	SAOUHSC_01105	YP_499649.1		0	0	0	3	3	0	0	0	0	0	0	0	0	0	3	0	5000	0	0	0	0	0	0	0	0	0
secG	SAOUHSC_00801	YP_499357.2		0	0	0	2	1	0	0	0	0	0	0	0	0	1	1	0	5000	0	0	0	0	0	0	1	0	5000
secY	SAOUHSC_02989	YP_501438.1		0	0	0	1	0	0	0	0	0	0	0	0	0	1	0	0	0	0	0	0	0	0	0	1	0	5000
smpB	SAOUHSC_00804	YP_499360.1		0	0	0	2	1	0	0	0	0	0	0	0	0	1	1	0	5000	0	0	0	0	0	0	1	0	5000
tgt	SAOUHSC_01748	YP_500254.1		0	0	0	1	0	0	0	0	0	0	0	0	0	1	0	0	0	0	0	0	0	0	0	1	0	5000
tmk	SAOUHSC_00451	YP_499030.1		0	0	0	2	0	0	0	0	0	0	0	0	0	2	0	0	0	0	0	0	0	0	0	2	0	5000
tpiA	SAOUHSC_00797	YP_499353.1		0	0	0	5	1	0	0	0	0	0	0	0	0	4	1	0	5000	0	0	0	0	0	0	4	0	5000
truA	SAOUHSC_02480	YP_500948.1		0	0	0	1	1	0	0	0	0	0	0	0	0	0	1	0	5000	0	0	0	0	0	0	0	0	0
tsf	SAOUHSC_01234	YP_499767.1		0	0	0	1	1	0	0	0	0	0	0	0	0	0	1	0	5000	0	0	0	0	0	0	0	0	0
ulaA	SAOUHSC_00310	YP_498900.1		0	0	0	5	5	0	0	0	0	0	0	0	0	0	5	0	5000	0	0	0	0	0	0	0	0	0
