quality	AA	AC	AG	AT	A.	CA	CC	CG	CT	C.	GA	GC	GG	GT	G.	TA	TC	TG	TT	T.	.A	.C	.G	.T	..
0	NA	NA	NA	NA	NA	NA	NA	NA	NA	NA	NA	NA	NA	NA	NA	NA	NA	NA	NA	NA	NA	NA	NA	NA	NA
1	NA	NA	NA	NA	NA	NA	NA	NA	NA	NA	NA	NA	NA	NA	NA	NA	NA	NA	NA	NA	NA	NA	NA	NA	NA
2	NA	NA	NA	NA	NA	NA	NA	NA	NA	NA	NA	NA	NA	NA	NA	NA	NA	NA	NA	NA	NA	NA	NA	NA	NA
3	NA	NA	NA	NA	NA	NA	NA	NA	NA	NA	NA	NA	NA	NA	NA	NA	NA	NA	NA	NA	NA	NA	NA	NA	NA
4	NA	NA	NA	NA	NA	NA	NA	NA	NA	NA	NA	NA	NA	NA	NA	NA	NA	NA	NA	NA	NA	NA	NA	NA	NA
5	0.797012	0.0354423	0.033099	0.133275	0.00117165	0.0625463	0.817913	0.0133235	0.105477	0.000740192	0.0612942	0.0254396	0.73775	0.174663	0.000853679	0.0651971	0.037566	0.03353	0.863707	NA	0.000395596	6.59326e-05	0.000197798	0.00026373	0.999077
6	0.786998	0.030767	0.0274388	0.154279	0.000517713	0.0532412	0.828156	0.0113126	0.106572	0.000718262	0.0456377	0.0158903	0.812742	0.125278	0.000451858	0.0422443	0.0242212	0.0175338	0.915348	0.000652422	0.000236589	1.57726e-05	0.000110408	0.000220817	0.999416
7	0.822264	0.0397771	0.0285318	0.109112	0.000315119	0.0303081	0.906749	0.0124345	0.0501584	0.000350464	0.0264867	0.0099626	0.900472	0.0629142	0.000164038	0.0364335	0.0214221	0.0215731	0.920269	0.000302074	0.000114576	7.1292e-05	6.87458e-05	0.000109484	0.999636
8	0.820111	0.0389306	0.0276412	0.11306	0.000257751	0.0299368	0.907378	0.0111476	0.0512949	0.000242338	0.0299826	0.00886248	0.896471	0.0645713	0.000112341	0.0338931	0.0180546	0.0183974	0.929404	0.000250874	0.000114392	6.41709e-05	9.48613e-05	0.000119972	0.999607
9	0.839447	0.0340525	0.0268889	0.0994755	0.000135803	0.0247406	0.922396	0.00997649	0.0428014	8.60042e-05	0.0235282	0.0082374	0.931758	0.0364007	7.55725e-05	0.028476	0.0171377	0.0165665	0.937683	0.000136605	0.000126197	3.73917e-05	5.60876e-05	0.000140219	0.99964
10	0.885536	0.0178944	0.0144716	0.0819218	0.000176176	0.0145056	0.931755	0.00598004	0.0477595	NA	0.0274056	0.00877519	0.911539	0.0521786	0.000101252	0.0148923	0.0106291	0.00621154	0.96819	7.7162e-05	5.58546e-05	3.49091e-05	3.49091e-05	3.49091e-05	0.999839
11	0.955896	0.0121665	0.010519	0.0212597	0.000158418	0.00700876	0.975119	0.00315394	0.0144681	0.000250313	0.0168898	0.00435866	0.968828	0.00988481	3.89166e-05	0.0110062	0.00892857	0.00509959	0.974897	6.86813e-05	5.16907e-05	5.16907e-05	3.69219e-05	3.69219e-05	0.999823
12	0.97928	0.00803431	0.00555757	0.00682614	0.000302042	0.00568475	0.983463	0.00180879	0.0086994	0.000344531	0.0138965	0.00273075	0.968687	0.0146854	NA	0.0065755	0.00745878	0.00314054	0.982727	9.81418e-05	0.000106417	7.98127e-05	3.99064e-05	6.65106e-05	0.999707
13	0.977843	0.00749483	0.00701241	0.0074776	0.000172295	0.00500482	0.983682	0.00203321	0.00920157	7.82003e-05	0.0107815	0.00259862	0.979598	0.00699417	2.76449e-05	0.00733114	0.00661129	0.0029173	0.98296	0.000179963	3.78037e-05	3.36033e-05	5.04049e-05	5.04049e-05	0.999828
14	0.981061	0.00514139	0.0059808	0.00765962	0.000157389	0.00532313	0.979622	0.00149713	0.0135573	NA	0.0143285	0.001997	0.969296	0.0143285	4.99251e-05	0.00617566	0.00611031	0.00254869	0.984937	0.000228728	0.000159146	1.2242e-05	3.6726e-05	9.7936e-05	0.999694
15	0.982269	0.00409929	0.0059212	0.00761297	9.76022e-05	0.00389142	0.981112	0.0018508	0.0130979	4.74563e-05	0.0153963	0.00428558	0.968033	0.0121266	0.000158725	0.00580628	0.00607712	0.00213292	0.985933	5.07838e-05	7.72884e-05	2.10787e-05	4.91836e-05	5.62098e-05	0.999796
16	0.985784	0.00277206	0.00427253	0.00714631	2.54317e-05	0.0028588	0.980196	0.00219589	0.0147498	NA	0.0170543	0.00313898	0.967671	0.0120369	9.88655e-05	0.00517905	0.00541009	0.00142472	0.987909	7.70119e-05	4.73354e-05	2.02866e-05	4.73354e-05	7.43841e-05	0.999811
17	0.983087	0.00298466	0.00500207	0.00867763	0.000248722	0.00315471	0.984142	0.00239758	0.0103054	NA	0.0138656	0.003458	0.973142	0.00950111	3.35728e-05	0.00378915	0.00608611	0.00150895	0.988532	8.38307e-05	4.01803e-05	6.69671e-06	1.33934e-05	6.69671e-05	0.999873
18	0.983874	0.00310739	0.00531202	0.00763069	7.60218e-05	0.0031371	0.980067	0.00198812	0.014756	5.16396e-05	0.0115915	0.00173968	0.981142	0.00550739	1.9223e-05	0.00526845	0.00526845	0.00247873	0.98692	6.40263e-05	4.29327e-05	1.26273e-05	1.26273e-05	7.07126e-05	0.999861
19	0.985705	0.00222233	0.00544572	0.00655688	7.00736e-05	0.00251637	0.983329	0.00212782	0.0120083	1.85028e-05	0.0099518	0.00178622	0.985214	0.00300539	4.25291e-05	0.00481942	0.00520767	0.00175559	0.988158	5.90822e-05	6.71637e-05	2.04411e-05	8.76048e-06	8.17645e-05	0.999822
20	0.991905	0.00189367	0.00332339	0.0028121	6.62785e-05	0.00173916	0.990015	0.000839593	0.00737642	2.99855e-05	0.0076893	0.000830634	0.988514	0.00294282	2.37324e-05	0.00255901	0.00459156	0.00121286	0.991637	NA	2.70575e-05	1.96782e-05	2.2138e-05	4.67358e-05	0.999884
21	0.990727	0.00208166	0.00389522	0.00321711	7.88507e-05	0.0023627	0.987391	0.000482183	0.0097401	2.41092e-05	0.010183	0.00141722	0.984638	0.00376177	NA	0.00305344	0.00481304	0.00139733	0.990671	6.46914e-05	5.43324e-05	2.50765e-05	2.08971e-05	5.85118e-05	0.999841
22	0.990886	0.00189719	0.00428448	0.00288531	4.74297e-05	0.00214342	0.989351	0.00101745	0.00746127	2.71319e-05	0.00791227	0.00112503	0.988095	0.00278166	8.65405e-05	0.00268616	0.00458297	0.00122527	0.991435	7.06884e-05	4.22525e-05	8.89525e-06	1.77905e-05	4.44763e-05	0.999887
23	0.991704	0.00156594	0.00383464	0.00276522	0.000129858	0.00156731	0.989088	0.000748032	0.00854894	4.74941e-05	0.00891497	0.000937537	0.987619	0.00247778	5.02252e-05	0.00262241	0.00463827	0.00112389	0.991532	8.32511e-05	4.4419e-05	1.81714e-05	1.21143e-05	4.84571e-05	0.999877
24	0.991625	0.00139761	0.00397653	0.00294496	5.54607e-05	0.00209635	0.988359	0.0010567	0.008428	5.96521e-05	0.00753828	0.000923336	0.988975	0.00252195	4.13434e-05	0.00258889	0.00464183	0.00125357	0.991466	4.99609e-05	3.16842e-05	7.54387e-06	1.20702e-05	4.97895e-05	0.999899
25	0.993273	0.00117257	0.00328981	0.00220178	6.24881e-05	0.00174745	0.989753	0.000809795	0.00767175	1.82661e-05	0.00798937	0.00100731	0.988806	0.00217757	1.97512e-05	0.00221585	0.00394493	0.00103625	0.992776	2.68769e-05	2.28059e-05	8.29307e-06	8.29307e-06	3.21356e-05	0.999928
26	0.99332	0.00107335	0.00338598	0.00217333	4.71128e-05	0.00162922	0.990274	0.000777662	0.00728751	3.16695e-05	0.00762762	0.000784232	0.989641	0.00192927	1.78912e-05	0.0019919	0.00399632	0.000906547	0.993062	4.29135e-05	3.2798e-05	1.33621e-05	1.45769e-05	3.46201e-05	0.999905
27	0.993243	0.00100977	0.00333512	0.00233978	7.21263e-05	0.00164758	0.989543	0.00082379	0.00795695	2.85707e-05	0.00718256	0.000904123	0.990119	0.00175782	3.60208e-05	0.00206125	0.00409207	0.00101414	0.992782	5.07072e-05	3.91326e-05	8.32608e-06	1.16565e-05	3.99652e-05	0.999901
28	0.993502	0.00100015	0.00339378	0.00201155	9.2711e-05	0.00172154	0.99016	0.000773148	0.00730883	3.60802e-05	0.00748786	0.000841127	0.989847	0.00180111	2.28567e-05	0.00202934	0.00411413	0.000947026	0.992852	5.76644e-05	2.50121e-05	8.33737e-06	6.6699e-06	2.58458e-05	0.999934
29	0.993952	0.000814308	0.00327388	0.00191317	4.69211e-05	0.00139266	0.990971	0.000700517	0.00691586	1.95363e-05	0.00645032	0.000762732	0.991193	0.00157176	2.19316e-05	0.00182359	0.00353519	0.000911797	0.993682	4.73847e-05	2.4938e-05	6.58739e-06	5.64634e-06	2.44675e-05	0.999938
30	0.994256	0.000815991	0.0031343	0.00173929	5.4772e-05	0.00152593	0.991296	0.000647551	0.00650002	3.06412e-05	0.0067701	0.000666258	0.990977	0.00155989	2.64388e-05	0.00183733	0.00398366	0.000900978	0.993231	4.74689e-05	2.71755e-05	6.53587e-06	1.10078e-05	2.99274e-05	0.999925
31	0.995914	0.000553616	0.00228698	0.00121312	3.22272e-05	0.00113204	0.993374	0.000470233	0.00500073	2.32214e-05	0.00495819	0.000490295	0.99337	0.00116605	1.57841e-05	0.00132071	0.00271601	0.000686633	0.99524	3.61683e-05	2.436e-05	6.35479e-06	6.99027e-06	2.35127e-05	0.999939
32	0.993865	0.000858355	0.00342353	0.00179669	5.60693e-05	0.00163318	0.991023	0.000656175	0.00666332	2.41834e-05	0.00680625	0.00063962	0.990902	0.00163731	1.44384e-05	0.00183378	0.00374924	0.000900633	0.993476	4.08348e-05	2.46952e-05	7.53852e-06	5.45893e-06	2.72946e-05	0.999935
33	0.994336	0.000791436	0.00308794	0.0017166	6.80806e-05	0.00156796	0.991159	0.000635441	0.0066079	2.98222e-05	0.00694545	0.000671396	0.990784	0.00158226	1.68514e-05	0.00168698	0.00357148	0.00085071	0.993828	6.29514e-05	2.86102e-05	8.44866e-06	9.02471e-06	3.30266e-05	0.999921
34	0.995692	0.000603469	0.00244221	0.00123462	2.74694e-05	0.00116372	0.9934	0.000460328	0.00496267	1.3579e-05	0.00479397	0.000439004	0.993637	0.00111481	1.54835e-05	0.001386	0.00273203	0.0007309	0.995124	2.66497e-05	1.28944e-05	3.50219e-06	6.04923e-06	1.75109e-05	0.99996
35	0.994776	0.000730989	0.00293507	0.00150925	4.8426e-05	0.00144304	0.992025	0.000551671	0.00596154	1.84218e-05	0.00623059	0.000574094	0.991764	0.00141928	1.17554e-05	0.00157215	0.0030878	0.000838851	0.994443	5.86409e-05	1.94364e-05	5.03263e-06	6.42094e-06	2.06945e-05	0.999948
36	0.994322	0.000841381	0.00314103	0.00165208	4.35304e-05	0.00152583	0.991208	0.000610904	0.00663773	1.76866e-05	0.00627041	0.0006161	0.99155	0.00153948	2.40304e-05	0.00153765	0.00304851	0.000817864	0.994555	4.06746e-05	2.56179e-05	6.51062e-06	5.16604e-06	2.74578e-05	0.999935
37	0.994219	0.000810646	0.00326131	0.0016579	5.06477e-05	0.00152339	0.991226	0.000610879	0.00662157	1.85854e-05	0.00668055	0.000581145	0.991139	0.00158161	1.72282e-05	0.00164436	0.00323638	0.000894533	0.994177	4.76865e-05	1.9792e-05	4.6964e-06	4.93601e-06	2.00316e-05	0.999951
38	0.993714	0.000903159	0.00345715	0.00185829	6.77154e-05	0.00165648	0.990599	0.000679149	0.00704294	2.26976e-05	0.00707306	0.00064811	0.990565	0.00168886	2.48656e-05	0.00184683	0.00345883	0.00096505	0.993664	6.47888e-05	3.11354e-05	8.27834e-06	7.17945e-06	3.2454e-05	0.999921
39	0.993928	0.000877874	0.00337464	0.0017527	6.67768e-05	0.00163548	0.990952	0.000651727	0.00673561	2.49294e-05	0.00695434	0.000576359	0.990804	0.00163945	2.53598e-05	0.00173939	0.003335	0.000893736	0.993974	5.80072e-05	2.54511e-05	6.94895e-06	6.18158e-06	2.77105e-05	0.999934
40	0.993899	0.000875288	0.00336939	0.00177682	7.91627e-05	0.00160963	0.990697	0.000662694	0.00698828	4.24306e-05	0.00702341	0.000640126	0.990596	0.00168158	5.91866e-05	0.00173338	0.00310685	0.000900616	0.994176	8.35324e-05	3.25305e-05	9.32116e-06	1.00698e-05	3.21561e-05	0.999916
41	0.994239	0.000799578	0.00321115	0.00166276	8.74286e-05	0.00160803	0.990963	0.000635283	0.00674382	4.98406e-05	0.00672168	0.000644482	0.990965	0.00161711	5.17031e-05	0.00166139	0.00292789	0.00088241	0.994431	9.7198e-05	3.36715e-05	1.05394e-05	1.04555e-05	3.29591e-05	0.999912
