quality	AA	AC	AG	AT	A.	CA	CC	CG	CT	C.	GA	GC	GG	GT	G.	TA	TC	TG	TT	T.	.A	.C	.G	.T	..
0	NA	NA	NA	NA	NA	NA	NA	NA	NA	NA	NA	NA	NA	NA	NA	NA	NA	NA	NA	NA	NA	NA	NA	NA	NA
1	NA	NA	NA	NA	NA	NA	NA	NA	NA	NA	NA	NA	NA	NA	NA	NA	NA	NA	NA	NA	NA	NA	NA	NA	NA
2	NA	NA	NA	NA	NA	NA	NA	NA	NA	NA	NA	NA	NA	NA	NA	NA	NA	NA	NA	NA	NA	NA	NA	NA	NA
3	NA	NA	NA	NA	NA	NA	NA	NA	NA	NA	NA	NA	NA	NA	NA	NA	NA	NA	NA	NA	NA	NA	NA	NA	NA
4	NA	NA	NA	NA	NA	NA	NA	NA	NA	NA	NA	NA	NA	NA	NA	NA	NA	NA	NA	NA	NA	NA	NA	NA	NA
5	0.828836	0.0349073	0.0301855	0.105902	0.000168634	0.0672395	0.830934	0.0152524	0.0863588	0.000214823	0.0970308	0.0344645	0.669777	0.198303	0.000424178	0.072016	0.0417252	0.0345035	0.851555	0.000200602	0.000160173	4.00432e-05	0.00012013	4.00432e-05	0.99964
6	0.812931	0.0361626	0.0217233	0.128926	0.00025708	0.0618654	0.834611	0.0115967	0.0914792	0.000447939	0.076984	0.0225186	0.736582	0.163767	0.000148474	0.0706868	0.0328396	0.0218755	0.874387	0.000210848	0.000145983	3.89287e-05	2.91965e-05	0.000165447	0.99962
7	0.841218	0.0422471	0.0246524	0.0916743	0.000208381	0.0401267	0.899265	0.0117687	0.0486794	0.000160451	0.0455384	0.0174406	0.847489	0.0893218	0.000210589	0.0580752	0.0294303	0.0248944	0.887419	0.000181233	8.26095e-05	4.62053e-05	4.90056e-05	9.66111e-05	0.999726
8	0.835804	0.045902	0.0283623	0.0897863	0.000145299	0.0383126	0.907181	0.010789	0.0435916	0.000125377	0.0418585	0.0158454	0.870351	0.0718715	7.38245e-05	0.0683056	0.0341969	0.0298981	0.867465	0.000134336	8.59689e-05	3.46442e-05	4.3626e-05	9.88e-05	0.999737
9	0.871956	0.0346604	0.0192037	0.0740281	0.000152225	0.0267655	0.931884	0.00745267	0.0338175	8.01362e-05	0.0329532	0.011927	0.907754	0.0472748	9.12201e-05	0.0419957	0.020971	0.0173449	0.919581	0.000107599	0.000113962	6.61716e-05	3.30858e-05	8.82288e-05	0.999699
10	0.903777	0.01895	0.0118571	0.0653804	3.56426e-05	0.0178665	0.939736	0.00451796	0.0378613	1.86693e-05	0.0303411	0.0100658	0.900203	0.0593006	8.97135e-05	0.0214043	0.0121119	0.00797669	0.958425	8.22339e-05	4.08468e-05	1.85667e-05	4.08468e-05	4.08468e-05	0.999859
11	0.952799	0.0157159	0.0097012	0.0216954	8.81928e-05	0.0100045	0.972578	0.00328462	0.0140425	9.04023e-05	0.01879	0.00639659	0.96202	0.0127132	7.99574e-05	0.019399	0.0112956	0.00664172	0.962605	5.84659e-05	8.4565e-05	1.87922e-05	2.81883e-05	3.75844e-05	0.999831
12	0.97345	0.0113604	0.00602542	0.00903813	0.00012553	0.00713044	0.979589	0.00200544	0.011275	NA	0.0169287	0.00349685	0.964966	0.0145103	9.80424e-05	0.0154308	0.00837614	0.00379377	0.972314	8.52533e-05	9.27185e-05	1.54531e-05	3.09062e-05	3.09062e-05	0.99983
13	0.972375	0.0117311	0.00613795	0.0096794	7.66179e-05	0.00625367	0.982167	0.00174775	0.00976282	6.82715e-05	0.0114753	0.00376455	0.975663	0.00901511	8.25559e-05	0.0170239	0.00973828	0.00466425	0.968489	8.43663e-05	6.23392e-05	3.35673e-05	3.83626e-05	7.19299e-05	0.999794
14	0.98056	0.00614892	0.00473979	0.00839071	0.000160128	0.00540207	0.980707	0.00169779	0.0121418	5.14483e-05	0.0177201	0.00379717	0.9557	0.022783	NA	0.0115953	0.00754332	0.00316004	0.977574	0.000127421	6.94746e-05	1.73686e-05	3.47373e-05	7.81589e-05	0.9998
15	0.983034	0.00545216	0.00462047	0.00676437	0.000129373	0.00386208	0.985663	0.00130588	0.00911339	5.55694e-05	0.01404	0.00316332	0.968432	0.0142133	0.000151666	0.00816015	0.00648236	0.00207181	0.983184	0.000101684	0.000103029	3.74649e-05	1.87325e-05	4.68312e-05	0.999794
16	0.984319	0.00418597	0.0045009	0.00690225	9.18551e-05	0.00369582	0.984966	0.00110666	0.0102105	2.08803e-05	0.0133002	0.00276346	0.970297	0.0136072	3.23211e-05	0.00691007	0.0056839	0.00252109	0.984816	6.87569e-05	4.24958e-05	4.24958e-05	1.93163e-05	5.02223e-05	0.999845
17	0.986096	0.00391692	0.00409191	0.00580135	9.42215e-05	0.00350723	0.985357	0.00129329	0.00977641	6.57606e-05	0.0113475	0.00300625	0.974786	0.0107971	6.35122e-05	0.00615492	0.00573747	0.00177658	0.986282	4.85404e-05	2.59476e-05	7.41361e-06	1.8534e-05	5.56021e-05	0.999893
18	0.984876	0.00377251	0.00483567	0.0064647	5.14433e-05	0.00356293	0.982931	0.00177727	0.0117199	8.38335e-06	0.0125207	0.00245276	0.97759	0.00738941	4.67191e-05	0.00663122	0.00601722	0.00213059	0.985178	4.29801e-05	5.47681e-05	6.84601e-06	1.7115e-05	4.96336e-05	0.999872
19	0.987056	0.0026188	0.00487845	0.00540969	3.74114e-05	0.00277166	0.984303	0.00151815	0.0113931	1.3928e-05	0.0120425	0.00225295	0.980769	0.00488139	5.36416e-05	0.0051871	0.00548876	0.0017879	0.987514	2.20728e-05	6.25392e-05	1.92428e-05	1.20268e-05	4.81071e-05	0.999858
20	0.99174	0.00215326	0.00355184	0.00252714	2.76947e-05	0.00186907	0.991176	0.000623025	0.00632087	1.13277e-05	0.00824597	0.000940247	0.986733	0.00408067	NA	0.00287153	0.00453371	0.00123697	0.991286	7.17883e-05	3.66335e-05	1.15685e-05	3.85616e-05	1.92808e-05	0.999894
21	0.990581	0.00245075	0.00382151	0.00304267	0.000103845	0.00252224	0.988805	0.000708301	0.00789496	6.91025e-05	0.0110852	0.00148107	0.982624	0.00477914	3.05376e-05	0.00337714	0.00474676	0.00124767	0.990572	5.62857e-05	5.21169e-05	1.53285e-05	1.53285e-05	4.29198e-05	0.999874
22	0.992096	0.00195939	0.00347252	0.00244667	2.56464e-05	0.00180712	0.989774	0.000799305	0.00758471	3.47524e-05	0.007999	0.00113632	0.987966	0.00287212	2.68423e-05	0.00301852	0.00432611	0.00115688	0.991436	6.20548e-05	3.73558e-05	9.33896e-06	1.08955e-05	3.57993e-05	0.999907
23	0.992429	0.00141369	0.00352627	0.00254146	9.001e-05	0.00190833	0.99005	0.00074558	0.0072694	2.66278e-05	0.00862868	0.00102021	0.987449	0.00288102	2.15537e-05	0.0027069	0.00404416	0.0010041	0.992189	5.55263e-05	4.49023e-05	7.74178e-06	1.08385e-05	3.71606e-05	0.999899
24	0.992511	0.00129618	0.00371651	0.00240033	7.60103e-05	0.0020427	0.988812	0.00106838	0.00802967	4.70357e-05	0.00803532	0.00114611	0.987881	0.00289973	3.75775e-05	0.00269311	0.00445499	0.00120687	0.991597	4.84238e-05	4.23992e-05	1.57483e-05	1.81711e-05	3.63422e-05	0.999887
25	0.993279	0.00114315	0.00342373	0.00211154	4.29756e-05	0.00163001	0.990174	0.000727865	0.00743755	3.07549e-05	0.00790572	0.00109239	0.988662	0.00233075	9.41717e-06	0.00209408	0.0039191	0.00100516	0.992936	4.5689e-05	3.17228e-05	1.32178e-05	6.16832e-06	2.73168e-05	0.999922
26	0.993649	0.00103373	0.00327075	0.00199175	5.43205e-05	0.00165119	0.990543	0.000633457	0.00716316	9.00649e-06	0.00727574	0.000817002	0.989884	0.00199558	2.76014e-05	0.00192443	0.00391362	0.000936	0.99319	3.54662e-05	2.86659e-05	9.90277e-06	1.14664e-05	3.49203e-05	0.999915
27	0.993482	0.00101874	0.00330599	0.00213608	5.69621e-05	0.00164755	0.990327	0.000734825	0.00727477	1.547e-05	0.00803671	0.000979846	0.98874	0.00220713	3.62906e-05	0.00207585	0.00374855	0.000879236	0.99326	3.64561e-05	3.79003e-05	5.51277e-06	8.95826e-06	3.10094e-05	0.999917
28	0.993916	0.00104678	0.0032095	0.00175522	7.29006e-05	0.00162118	0.99099	0.000586384	0.00676833	3.44932e-05	0.00709197	0.00070319	0.990555	0.00162546	2.47353e-05	0.00185979	0.004041	0.000858731	0.993205	3.51808e-05	2.76475e-05	9.61652e-06	1.02175e-05	2.94506e-05	0.999923
29	0.994091	0.000849652	0.00325823	0.00174979	5.1718e-05	0.00154576	0.990767	0.000630474	0.00703015	2.67769e-05	0.00648806	0.000757817	0.991157	0.0015754	2.15153e-05	0.00181191	0.00362133	0.000793717	0.993733	3.96858e-05	3.19071e-05	8.1813e-06	6.13598e-06	2.98617e-05	0.999924
30	0.994183	0.000913602	0.00320854	0.00164087	5.41887e-05	0.00147254	0.991564	0.000684421	0.00624841	3.01673e-05	0.0069152	0.00068108	0.990762	0.00162399	1.82284e-05	0.00187082	0.00368927	0.000841909	0.993546	5.23596e-05	2.33111e-05	7.97484e-06	9.50847e-06	2.91389e-05	0.99993
31	0.99587	0.000625158	0.00225273	0.00121892	3.3017e-05	0.00114226	0.99348	0.000462614	0.00489914	1.59916e-05	0.00498435	0.000514623	0.99333	0.00115416	1.69876e-05	0.00133863	0.00279585	0.00061757	0.995211	3.69199e-05	2.11464e-05	6.21954e-06	4.97563e-06	1.90732e-05	0.999949
32	0.993985	0.000893175	0.00331917	0.00175575	4.66258e-05	0.00161064	0.990882	0.000675962	0.00681196	1.94414e-05	0.0068978	0.000747755	0.990589	0.00173925	2.61645e-05	0.0018655	0.00370537	0.000879757	0.993499	5.05687e-05	2.61292e-05	9.26399e-06	6.41353e-06	2.85046e-05	0.99993
33	0.994296	0.000867906	0.00312492	0.00165169	5.96792e-05	0.00159025	0.990942	0.000691174	0.00673922	3.75998e-05	0.00701862	0.000650845	0.990756	0.00155633	1.7807e-05	0.00174293	0.00357185	0.000847729	0.993772	6.58972e-05	2.98598e-05	6.26688e-06	6.81984e-06	3.39149e-05	0.999923
34	0.995556	0.000673131	0.00245466	0.00128246	3.42345e-05	0.00120959	0.993335	0.000466091	0.00497615	1.30767e-05	0.00474698	0.000462955	0.993643	0.00113312	1.35878e-05	0.00139496	0.00278761	0.000652616	0.995138	2.72887e-05	1.51761e-05	5.47335e-06	3.48304e-06	1.77469e-05	0.999958
35	0.994707	0.00079335	0.00292376	0.00152898	4.64173e-05	0.00144779	0.991994	0.000554127	0.00598772	1.6507e-05	0.00628128	0.000578735	0.991705	0.00142655	8.79834e-06	0.00158273	0.00303785	0.000764177	0.994549	6.60145e-05	2.06926e-05	4.97159e-06	6.584e-06	2.2305e-05	0.999945
36	0.994239	0.000871176	0.00319782	0.0016483	4.38057e-05	0.00156066	0.991226	0.000621205	0.00657323	1.87496e-05	0.00635036	0.000625362	0.991458	0.00154147	2.43167e-05	0.00151089	0.00303063	0.00077876	0.994636	4.36798e-05	2.51184e-05	4.76005e-06	5.49237e-06	2.45326e-05	0.99994
37	0.994136	0.000903641	0.00324094	0.00166723	5.17908e-05	0.00159867	0.991002	0.000681801	0.00669662	2.0642e-05	0.00664605	0.000628759	0.991133	0.0015759	1.63354e-05	0.00166591	0.0031898	0.000829369	0.994266	4.89975e-05	2.2499e-05	5.24816e-06	5.05378e-06	2.44428e-05	0.999943
38	0.993669	0.000980959	0.0034471	0.00183922	6.3971e-05	0.0016735	0.990559	0.000675854	0.00706914	2.23707e-05	0.00717626	0.00065	0.990471	0.00167126	3.11063e-05	0.00189474	0.00342699	0.000891477	0.993721	6.58635e-05	3.01223e-05	8.57549e-06	8.28723e-06	3.52388e-05	0.999918
39	0.99391	0.000909435	0.0033585	0.00176125	6.12722e-05	0.00159523	0.990922	0.000655361	0.00680358	2.40629e-05	0.00690365	0.000638712	0.990757	0.00167551	2.46651e-05	0.00175788	0.00325585	0.000850575	0.994065	7.07329e-05	2.61784e-05	6.96647e-06	6.4905e-06	2.86447e-05	0.999932
40	0.993901	0.000905223	0.00334297	0.00176343	8.73181e-05	0.0016273	0.99071	0.000625955	0.00699089	4.54304e-05	0.00694502	0.00066123	0.990682	0.00166195	4.99659e-05	0.00176106	0.00311177	0.000842246	0.994202	8.33583e-05	3.21735e-05	9.51448e-06	8.75027e-06	3.19824e-05	0.999918
41	0.994127	0.000864678	0.00323481	0.00168082	9.23643e-05	0.00159449	0.99101	0.000616509	0.00672175	5.67643e-05	0.00665694	0.000649961	0.991012	0.00162903	5.17551e-05	0.00167712	0.00292355	0.000829858	0.994468	0.000101831	3.44239e-05	1.11405e-05	9.93304e-06	3.26013e-05	0.999912
